datetime,open,high,low,close,volume,openInterest,amount,symbol
2013-07-01 09:00:00,8100,8112,8084,8094,1918,85838,155383600.0,OI1401
2013-07-01 09:01:00,8094,8094,8084,8086,1032,86102,83562200.0,OI1401
2013-07-01 09:02:00,8086,8104,8086,8104,840,86202,68006400.0,OI1401
2013-07-01 09:03:00,8104,8108,8096,8100,862,86140,69798760.0,OI1401
2013-07-01 09:04:00,8104,8104,8098,8100,394,86274,31906120.0,OI1401
2013-07-01 09:05:00,8102,8112,8102,8112,856,86222,69324480.0,OI1401
2013-07-01 09:06:00,8114,8124,8112,8118,814,86072,65939480.0,OI1401
2013-07-01 09:07:00,8118,8122,8116,8116,602,85822,48775480.0,OI1401
2013-07-01 09:08:00,8118,8118,8108,8112,248,85820,20097920.0,OI1401
2013-07-01 09:09:00,8110,8122,8110,8120,236,85794,19125440.0,OI1401
2013-07-01 09:10:00,8120,8122,8112,8112,362,85832,29336480.0,OI1401
2013-07-01 09:11:00,8112,8122,8112,8116,214,85892,17342560.0,OI1401
2013-07-01 09:12:00,8116,8142,8116,8140,1390,85376,112682000.0,OI1401
2013-07-01 09:13:00,8140,8148,8136,8146,1428,84646,115821600.0,OI1401
2013-07-01 09:14:00,8146,8146,8138,8138,1094,84300,88771640.0,OI1401
2013-07-01 09:15:00,8138,8146,8138,8144,316,84308,25646560.0,OI1401
2013-07-01 09:16:00,8144,8144,8140,8140,612,84134,49674280.0,OI1401
2013-07-01 09:17:00,8140,8140,8136,8138,436,84150,35394480.0,OI1401
2013-07-01 09:18:00,8136,8140,8136,8138,192,84176,15586560.0,OI1401
2013-07-01 09:19:00,8138,8138,8132,8132,244,84186,19807920.0,OI1401
2013-07-01 09:20:00,8132,8138,8132,8138,144,84106,11689920.0,OI1401
2013-07-01 09:21:00,8138,8138,8136,8136,64,84128,5195520.0,OI1401
2013-07-01 09:22:00,8136,8136,8134,8134,70,84130,5682600.0,OI1401
2013-07-01 09:23:00,8132,8132,8126,8128,398,84244,32316640.0,OI1401
2013-07-01 09:24:00,8130,8130,8120,8122,426,84348,34591200.0,OI1401
2013-07-01 09:25:00,8122,8124,8118,8118,338,84470,27445600.0,OI1401
2013-07-01 09:26:00,8120,8120,8114,8118,290,84524,23548000.0,OI1401
2013-07-01 09:27:00,8118,8124,8114,8122,416,84606,33779200.0,OI1401
2013-07-01 09:28:00,8124,8124,8110,8110,230,84626,18676000.0,OI1401
2013-07-01 09:29:00,8110,8112,8104,8108,580,84830,47095200.0,OI1401
2013-07-01 09:30:00,8106,8120,8106,8118,352,84920,28575360.0,OI1401
2013-07-01 09:31:00,8118,8120,8116,8118,226,84872,18346680.0,OI1401
2013-07-01 09:32:00,8118,8120,8114,8118,128,84894,10391040.0,OI1401
2013-07-01 09:33:00,8118,8120,8118,8120,58,84912,4708440.0,OI1401
2013-07-01 09:34:00,8120,8120,8118,8120,46,84910,3734280.0,OI1401
2013-07-01 09:35:00,8120,8122,8118,8120,148,84866,12014640.0,OI1401
2013-07-01 09:36:00,8118,8120,8112,8112,126,84902,10228680.0,OI1401
2013-07-01 09:37:00,8112,8112,8096,8100,490,85168,39778200.0,OI1401
2013-07-01 09:38:00,8100,8106,8098,8104,610,85318,49519800.0,OI1401
2013-07-01 09:39:00,8104,8108,8102,8108,304,85346,24678720.0,OI1401
2013-07-01 09:40:00,8100,8100,8086,8092,1222,86016,99192240.0,OI1401
2013-07-01 09:41:00,8092,8100,8090,8098,666,85906,54052560.0,OI1401
2013-07-01 09:42:00,8098,8098,8090,8092,392,85882,31814720.0,OI1401
2013-07-01 09:43:00,8100,8116,8094,8112,828,85614,67190600.0,OI1401
2013-07-01 09:44:00,8114,8114,8106,8110,254,85604,20609560.0,OI1401
2013-07-01 09:45:00,8106,8110,8106,8106,84,85624,6815760.0,OI1401
2013-07-01 09:46:00,8108,8108,8100,8100,208,85650,16877120.0,OI1401
2013-07-01 09:47:00,8098,8098,8092,8094,526,85756,42679640.0,OI1401
2013-07-01 09:48:00,8092,8100,8092,8100,236,85774,19149040.0,OI1401
2013-07-01 09:49:00,8098,8102,8098,8102,152,85782,12333280.0,OI1401
2013-07-01 09:50:00,8100,8100,8098,8100,98,85816,7951720.0,OI1401
2013-07-01 09:51:00,8100,8102,8096,8098,196,85816,15903440.0,OI1401
2013-07-01 09:52:00,8098,8102,8098,8102,164,85848,13306960.0,OI1401
2013-07-01 09:53:00,8104,8106,8102,8104,344,85878,27912160.0,OI1401
2013-07-01 09:54:00,8106,8106,8102,8102,190,85830,15416600.0,OI1401
2013-07-01 09:55:00,8102,8104,8100,8102,186,85752,15092040.0,OI1401
2013-07-01 09:56:00,8104,8104,8092,8092,444,85880,36026160.0,OI1401
2013-07-01 09:57:00,8096,8104,8096,8102,214,85850,17363960.0,OI1401
2013-07-01 09:58:00,8102,8106,8100,8104,356,85920,28885840.0,OI1401
2013-07-01 09:59:00,8104,8106,8102,8104,92,85872,7464880.0,OI1401
2013-07-01 10:00:00,8104,8110,8102,8110,636,85886,51594280.0,OI1401
2013-07-01 10:01:00,8108,8110,8104,8106,368,85816,29852160.0,OI1401
2013-07-01 10:02:00,8106,8108,8106,8108,80,85820,6489600.0,OI1401
2013-07-01 10:03:00,8108,8108,8104,8104,132,85816,10707840.0,OI1401
2013-07-01 10:04:00,8104,8104,8100,8100,174,85922,14114880.0,OI1401
2013-07-01 10:05:00,8100,8104,8100,8102,178,85960,14439360.0,OI1401
2013-07-01 10:06:00,8100,8104,8100,8102,40,85970,3244800.0,OI1401
2013-07-01 10:07:00,8102,8106,8102,8106,56,85980,4542720.0,OI1401
2013-07-01 10:08:00,8106,8106,8104,8104,100,86064,8112000.0,OI1401
2013-07-01 10:09:00,8104,8106,8104,8106,108,85992,8760960.0,OI1401
2013-07-01 10:10:00,8106,8106,8102,8104,62,85998,5029440.0,OI1401
2013-07-01 10:11:00,8104,8108,8104,8106,220,85928,17846400.0,OI1401
2013-07-01 10:12:00,8106,8108,8104,8106,52,85934,4218240.0,OI1401
2013-07-01 10:13:00,8106,8106,8106,8106,32,85930,2595840.0,OI1401
2013-07-01 10:14:00,8106,8110,8106,8108,114,85938,9247680.0,OI1401
2013-07-01 10:30:00,8110,8110,8106,8106,172,85962,13952640.0,OI1401
2013-07-01 10:31:00,8106,8108,8106,8106,110,85980,8923200.0,OI1401
2013-07-01 10:32:00,8106,8108,8104,8104,168,85948,13628160.0,OI1401
2013-07-01 10:33:00,8106,8106,8100,8104,238,86050,19306560.0,OI1401
2013-07-01 10:34:00,8102,8102,8096,8098,432,86110,35043840.0,OI1401
2013-07-01 10:35:00,8098,8100,8096,8096,206,86172,16710720.0,OI1401
2013-07-01 10:36:00,8096,8098,8094,8096,160,86222,12979200.0,OI1401
2013-07-01 10:37:00,8096,8102,8096,8102,190,86214,15412800.0,OI1401
2013-07-01 10:38:00,8100,8106,8100,8104,154,86208,12492480.0,OI1401
2013-07-01 10:39:00,8106,8108,8104,8108,174,86208,14114880.0,OI1401
2013-07-01 10:40:00,8108,8110,8106,8108,478,86264,38775360.0,OI1401
2013-07-01 10:41:00,8110,8116,8108,8114,482,86222,39099840.0,OI1401
2013-07-01 10:42:00,8114,8116,8112,8114,244,86204,19793280.0,OI1401
2013-07-01 10:43:00,8114,8114,8110,8110,130,86176,10545600.0,OI1401
2013-07-01 10:44:00,8110,8110,8108,8108,104,86196,8436480.0,OI1401
2013-07-01 10:45:00,8110,8112,8108,8110,226,86210,18333120.0,OI1401
2013-07-01 10:46:00,8108,8112,8108,8112,442,86376,35855040.0,OI1401
2013-07-01 10:47:00,8112,8112,8110,8112,88,86372,7138560.0,OI1401
2013-07-01 10:48:00,8112,8120,8112,8120,534,86100,43318080.0,OI1401
2013-07-01 10:49:00,8120,8122,8116,8122,516,85862,41857920.0,OI1401
2013-07-01 10:50:00,8120,8122,8120,8120,126,85854,10221120.0,OI1401
2013-07-01 10:51:00,8120,8120,8116,8116,154,85910,12492480.0,OI1401
2013-07-01 10:52:00,8116,8118,8116,8118,70,85894,5678400.0,OI1401
2013-07-01 10:53:00,8118,8118,8116,8118,66,85882,5353920.0,OI1401
2013-07-01 10:54:00,8116,8118,8114,8118,136,85896,11032320.0,OI1401
2013-07-01 10:55:00,8114,8116,8114,8116,32,85898,2595840.0,OI1401
2013-07-01 10:56:00,8114,8116,8110,8112,232,85910,18819840.0,OI1401
2013-07-01 10:57:00,8110,8112,8108,8110,334,85848,27094080.0,OI1401
2013-07-01 10:58:00,8110,8112,8110,8110,146,85824,11843520.0,OI1401
2013-07-01 10:59:00,8110,8110,8108,8108,48,85828,3893760.0,OI1401
2013-07-01 11:00:00,8110,8116,8110,8114,216,85866,17521920.0,OI1401
2013-07-01 11:01:00,8114,8118,8112,8116,210,85916,17035200.0,OI1401
2013-07-01 11:02:00,8116,8120,8116,8118,138,85876,11194560.0,OI1401
2013-07-01 11:03:00,8120,8122,8116,8122,460,85648,37315200.0,OI1401
2013-07-01 11:04:00,8124,8130,8122,8126,746,85596,60515520.0,OI1401
2013-07-01 11:05:00,8128,8134,8128,8132,354,85538,28716480.0,OI1401
2013-07-01 11:06:00,8132,8136,8132,8134,664,85682,53866800.0,OI1401
2013-07-01 11:07:00,8132,8132,8128,8130,362,85742,29372680.0,OI1401
2013-07-01 11:08:00,8130,8132,8128,8132,126,85738,10223640.0,OI1401
2013-07-01 11:09:00,8130,8134,8130,8132,226,85752,18337640.0,OI1401
2013-07-01 11:10:00,8134,8138,8134,8134,216,85694,17526240.0,OI1401
2013-07-01 11:11:00,8132,8134,8132,8134,138,85646,11197320.0,OI1401
2013-07-01 11:12:00,8134,8136,8126,8128,412,85740,33429680.0,OI1401
2013-07-01 11:13:00,8128,8130,8124,8124,134,85776,10872760.0,OI1401
2013-07-01 11:14:00,8126,8126,8112,8118,434,85948,35214760.0,OI1401
2013-07-01 11:15:00,8116,8126,8116,8122,334,86084,27100760.0,OI1401
2013-07-01 11:16:00,8124,8128,8122,8122,362,86234,29372680.0,OI1401
2013-07-01 11:17:00,8120,8126,8118,8124,370,86350,30021800.0,OI1401
2013-07-01 11:18:00,8126,8128,8122,8122,408,86442,33105120.0,OI1401
2013-07-01 11:19:00,8122,8128,8120,8126,582,86304,47223480.0,OI1401
2013-07-01 11:20:00,8126,8128,8122,8124,370,86272,30021800.0,OI1401
2013-07-01 11:21:00,8126,8126,8118,8118,180,86246,14605200.0,OI1401
2013-07-01 11:22:00,8118,8120,8116,8118,378,86094,30670920.0,OI1401
2013-07-01 11:23:00,8116,8118,8116,8118,194,86036,15741160.0,OI1401
2013-07-01 11:24:00,8118,8120,8118,8118,208,85906,16877120.0,OI1401
2013-07-01 11:25:00,8118,8118,8116,8118,58,85914,4706120.0,OI1401
2013-07-01 11:26:00,8118,8118,8116,8118,46,85924,3732440.0,OI1401
2013-07-01 11:27:00,8118,8120,8116,8118,118,85938,9574520.0,OI1401
2013-07-01 11:28:00,8120,8120,8112,8114,482,85914,39109480.0,OI1401
2013-07-01 11:29:00,8114,8118,8112,8114,388,85878,31482320.0,OI1401
2013-07-01 13:30:00,8116,8124,8116,8120,288,85874,23368320.0,OI1401
2013-07-01 13:31:00,8118,8120,8118,8120,74,85882,6004360.0,OI1401
2013-07-01 13:32:00,8122,8122,8120,8120,76,85940,6166640.0,OI1401
2013-07-01 13:33:00,8120,8124,8120,8122,76,85962,6166640.0,OI1401
2013-07-01 13:34:00,8124,8126,8122,8122,362,86250,29372680.0,OI1401
2013-07-01 13:35:00,8122,8124,8118,8122,566,86622,45925240.0,OI1401
2013-07-01 13:36:00,8122,8124,8120,8122,368,86926,29859520.0,OI1401
2013-07-01 13:37:00,8120,8126,8120,8124,162,86888,13144680.0,OI1401
2013-07-01 13:38:00,8124,8126,8120,8122,342,86968,27749880.0,OI1401
2013-07-01 13:39:00,8120,8124,8120,8122,118,86896,9574520.0,OI1401
2013-07-01 13:40:00,8124,8126,8124,8124,142,86944,11523320.0,OI1401
2013-07-01 13:41:00,8124,8124,8120,8122,58,86964,4707280.0,OI1401
2013-07-01 13:42:00,8122,8124,8122,8124,128,86966,10388480.0,OI1401
2013-07-01 13:43:00,8124,8124,8122,8124,88,86908,7142080.0,OI1401
2013-07-01 13:44:00,8124,8124,8122,8122,82,86916,6655120.0,OI1401
2013-07-01 13:45:00,8122,8124,8122,8122,100,86916,8116000.0,OI1401
2013-07-01 13:46:00,8122,8122,8122,8122,38,86928,3084080.0,OI1401
2013-07-01 13:47:00,8120,8122,8120,8122,128,87036,10388480.0,OI1401
2013-07-01 13:48:00,8122,8122,8116,8116,454,87188,36846640.0,OI1401
2013-07-01 13:49:00,8118,8120,8112,8114,296,87330,24023360.0,OI1401
2013-07-01 13:50:00,8112,8112,8106,8108,888,87596,72070080.0,OI1401
2013-07-01 13:51:00,8106,8108,8098,8106,1066,87952,86499640.0,OI1401
2013-07-01 13:52:00,8104,8110,8104,8106,474,87914,38460360.0,OI1401
2013-07-01 13:53:00,8108,8110,8106,8108,396,87866,32131440.0,OI1401
2013-07-01 13:54:00,8108,8108,8102,8108,280,87790,22719200.0,OI1401
2013-07-01 13:55:00,8108,8110,8106,8108,146,87800,11846440.0,OI1401
2013-07-01 13:56:00,8108,8108,8100,8100,218,87902,17688520.0,OI1401
2013-07-01 13:57:00,8102,8104,8098,8102,362,87984,29372680.0,OI1401
2013-07-01 13:58:00,8102,8106,8102,8104,158,88086,12820120.0,OI1401
2013-07-01 13:59:00,8104,8106,8104,8106,94,88124,7627160.0,OI1401
2013-07-01 14:00:00,8106,8110,8104,8110,224,88144,18175360.0,OI1401
2013-07-01 14:01:00,8112,8114,8108,8110,224,88098,18175360.0,OI1401
2013-07-01 14:02:00,8110,8112,8110,8110,68,88072,5517520.0,OI1401
2013-07-01 14:03:00,8110,8114,8110,8112,130,88058,10548200.0,OI1401
2013-07-01 14:04:00,8112,8118,8110,8116,430,87868,34890200.0,OI1401
2013-07-01 14:05:00,8116,8116,8114,8114,282,87782,22881480.0,OI1401
2013-07-01 14:06:00,8114,8114,8114,8114,54,87804,4381560.0,OI1401
2013-07-01 14:07:00,8112,8122,8112,8122,652,87442,52903280.0,OI1401
2013-07-01 14:08:00,8120,8120,8114,8114,150,87476,12171000.0,OI1401
2013-07-01 14:09:00,8114,8116,8114,8116,76,87484,6166640.0,OI1401
2013-07-01 14:10:00,8114,8118,8114,8118,58,87478,4706120.0,OI1401
2013-07-01 14:11:00,8118,8120,8116,8118,132,87402,10710480.0,OI1401
2013-07-01 14:12:00,8120,8120,8116,8116,88,87422,7140320.0,OI1401
2013-07-01 14:13:00,8114,8116,8112,8116,126,87462,10223640.0,OI1401
2013-07-01 14:14:00,8114,8114,8108,8112,452,87622,36675280.0,OI1401
2013-07-01 14:15:00,8112,8114,8110,8114,156,87578,12657840.0,OI1401
2013-07-01 14:16:00,8112,8112,8106,8108,370,87358,30021800.0,OI1401
2013-07-01 14:17:00,8108,8110,8108,8110,120,87350,9736800.0,OI1401
2013-07-01 14:18:00,8112,8112,8110,8110,192,87390,15578880.0,OI1401
2013-07-01 14:19:00,8110,8110,8106,8108,160,87376,12982400.0,OI1401
2013-07-01 14:20:00,8108,8110,8108,8110,84,87432,6815760.0,OI1401
2013-07-01 14:21:00,8112,8114,8112,8112,186,87346,15092040.0,OI1401
2013-07-01 14:22:00,8112,8112,8110,8110,96,87400,7789440.0,OI1401
2013-07-01 14:23:00,8110,8116,8110,8116,112,87454,9087680.0,OI1401
2013-07-01 14:24:00,8114,8114,8112,8114,44,87442,3570160.0,OI1401
2013-07-01 14:25:00,8114,8114,8110,8110,150,87528,12171000.0,OI1401
2013-07-01 14:26:00,8112,8114,8112,8112,76,87504,6166640.0,OI1401
2013-07-01 14:27:00,8112,8112,8112,8112,54,87482,4381560.0,OI1401
2013-07-01 14:28:00,8112,8112,8110,8110,162,87556,13144680.0,OI1401
2013-07-01 14:29:00,8110,8110,8108,8110,50,87552,4057000.0,OI1401
2013-07-01 14:30:00,8110,8112,8110,8110,68,87532,5517520.0,OI1401
2013-07-01 14:31:00,8110,8112,8108,8110,102,87504,8276280.0,OI1401
2013-07-01 14:32:00,8112,8114,8110,8112,174,87574,14118360.0,OI1401
2013-07-01 14:33:00,8112,8112,8110,8110,20,87570,1622800.0,OI1401
2013-07-01 14:34:00,8112,8114,8112,8114,60,87524,4868400.0,OI1401
2013-07-01 14:35:00,8114,8116,8112,8112,120,87548,9736800.0,OI1401
2013-07-01 14:36:00,8112,8112,8108,8108,202,87490,16390280.0,OI1401
2013-07-01 14:37:00,8108,8110,8108,8110,216,87466,17526240.0,OI1401
2013-07-01 14:38:00,8108,8110,8108,8110,24,87478,1947360.0,OI1401
2013-07-01 14:39:00,8110,8110,8108,8108,54,87508,4381560.0,OI1401
2013-07-01 14:40:00,8110,8110,8108,8108,80,87484,6491200.0,OI1401
2013-07-01 14:41:00,8108,8110,8106,8108,286,87448,23206040.0,OI1401
2013-07-01 14:42:00,8108,8110,8106,8110,114,87388,9249960.0,OI1401
2013-07-01 14:43:00,8108,8110,8108,8108,54,87366,4381560.0,OI1401
2013-07-01 14:44:00,8108,8110,8108,8108,120,87282,9736800.0,OI1401
2013-07-01 14:45:00,8108,8108,8102,8104,372,87350,30184080.0,OI1401
2013-07-01 14:46:00,8104,8106,8104,8106,292,87242,23692880.0,OI1401
2013-07-01 14:47:00,8106,8108,8106,8106,100,87230,8114000.0,OI1401
2013-07-01 14:48:00,8106,8108,8106,8106,80,87232,6491200.0,OI1401
2013-07-01 14:49:00,8106,8108,8106,8108,142,87274,11521880.0,OI1401
2013-07-01 14:50:00,8106,8108,8106,8108,52,87270,4219280.0,OI1401
2013-07-01 14:51:00,8108,8108,8104,8106,224,87306,18175360.0,OI1401
2013-07-01 14:52:00,8106,8110,8106,8110,496,87088,40245440.0,OI1401
2013-07-01 14:53:00,8110,8114,8110,8112,310,86968,25153400.0,OI1401
2013-07-01 14:54:00,8112,8112,8110,8110,194,86912,15741160.0,OI1401
2013-07-01 14:55:00,8112,8114,8110,8112,140,86874,11359600.0,OI1401
2013-07-01 14:56:00,8110,8114,8110,8112,292,86782,23692880.0,OI1401
2013-07-01 14:57:00,8112,8114,8110,8112,418,86846,33916520.0,OI1401
2013-07-01 14:58:00,8112,8116,8110,8114,662,86918,53714680.0,OI1401
2013-07-01 14:59:00,8116,8116,8112,8116,340,86794,27587600.0,OI1401
2013-07-02 09:00:00,8130,8130,8116,8126,1348,86666,109551960.0,OI1401
2013-07-02 09:01:00,8126,8162,8126,8156,2064,85676,167849600.0,OI1401
2013-07-02 09:02:00,8156,8156,8146,8154,654,85558,53241040.0,OI1401
2013-07-02 09:03:00,8154,8156,8148,8150,620,85388,50482120.0,OI1401
2013-07-02 09:04:00,8150,8160,8148,8160,864,85182,70365440.0,OI1401
2013-07-02 09:05:00,8160,8164,8142,8142,752,85032,61257920.0,OI1401
2013-07-02 09:06:00,8142,8144,8136,8142,454,84988,36982840.0,OI1401
2013-07-02 09:07:00,8144,8150,8142,8150,150,85006,12219000.0,OI1401
2013-07-02 09:08:00,8150,8150,8140,8142,310,85024,25252600.0,OI1401
2013-07-02 09:09:00,8144,8144,8140,8142,160,84992,13033600.0,OI1401
2013-07-02 09:10:00,8144,8144,8140,8142,136,84938,11078560.0,OI1401
2013-07-02 09:11:00,8142,8146,8142,8144,178,84884,14499880.0,OI1401
2013-07-02 09:12:00,8146,8146,8140,8140,86,84916,7005560.0,OI1401
2013-07-02 09:13:00,8142,8146,8140,8144,76,84950,6190960.0,OI1401
2013-07-02 09:14:00,8144,8146,8144,8146,130,84976,10589800.0,OI1401
2013-07-02 09:15:00,8148,8154,8146,8150,414,84896,33724440.0,OI1401
2013-07-02 09:16:00,8150,8154,8148,8154,322,84794,26230120.0,OI1401
2013-07-02 09:17:00,8154,8168,8154,8166,816,84562,66475600.0,OI1401
2013-07-02 09:18:00,8166,8186,8164,8178,1610,84394,131209440.0,OI1401
2013-07-02 09:19:00,8178,8200,8176,8200,2144,84376,174837640.0,OI1401
2013-07-02 09:20:00,8198,8198,8194,8194,1356,84308,110645880.0,OI1401
2013-07-02 09:21:00,8194,8196,8186,8192,1236,84052,100892080.0,OI1401
2013-07-02 09:22:00,8192,8208,8192,8204,1352,83904,110396040.0,OI1401
2013-07-02 09:23:00,8204,8214,8202,8214,1174,83786,95898000.0,OI1401
2013-07-02 09:24:00,8212,8218,8206,8218,1880,83070,153625360.0,OI1401
2013-07-02 09:25:00,8216,8218,8210,8214,1146,83162,93681760.0,OI1401
2013-07-02 09:26:00,8214,8218,8212,8218,1104,82910,90271560.0,OI1401
2013-07-02 09:27:00,8214,8218,8212,8214,516,82858,42198480.0,OI1401
2013-07-02 09:28:00,8214,8230,8214,8230,1272,82896,104045720.0,OI1401
2013-07-02 09:29:00,8232,8244,8228,8236,2018,83114,165135480.0,OI1401
2013-07-02 09:30:00,8236,8242,8230,8232,1322,83766,108232440.0,OI1401
2013-07-02 09:31:00,8230,8254,8228,8244,2132,83296,174602560.0,OI1401
2013-07-02 09:32:00,8242,8248,8240,8244,878,83472,71927280.0,OI1401
2013-07-02 09:33:00,8246,8248,8244,8248,504,83518,41297760.0,OI1401
2013-07-02 09:34:00,8246,8254,8240,8240,1182,83754,96865320.0,OI1401
2013-07-02 09:35:00,8240,8256,8236,8256,1142,83682,93607240.0,OI1401
2013-07-02 09:36:00,8256,8262,8254,8254,984,83792,80674320.0,OI1401
2013-07-02 09:37:00,8254,8254,8246,8246,884,83838,72488000.0,OI1401
2013-07-02 09:38:00,8246,8256,8244,8252,420,83732,34444640.0,OI1401
2013-07-02 09:39:00,8250,8252,8240,8244,500,83486,41010000.0,OI1401
2013-07-02 09:40:00,8246,8246,8238,8240,852,83380,69881040.0,OI1401
2013-07-02 09:41:00,8242,8244,8238,8240,414,83212,33961040.0,OI1401
2013-07-02 09:42:00,8240,8244,8238,8244,340,83168,27893600.0,OI1401
2013-07-02 09:43:00,8244,8244,8240,8242,440,82946,36097600.0,OI1401
2013-07-02 09:44:00,8242,8244,8240,8240,316,82860,25924640.0,OI1401
2013-07-02 09:45:00,8240,8246,8240,8246,232,82870,19033280.0,OI1401
2013-07-02 09:46:00,8248,8254,8246,8250,352,82822,28878520.0,OI1401
2013-07-02 09:47:00,8248,8250,8244,8246,168,82868,13786080.0,OI1401
2013-07-02 09:48:00,8246,8248,8242,8242,214,82876,17560840.0,OI1401
2013-07-02 09:49:00,8242,8244,8242,8244,142,82798,11652520.0,OI1401
2013-07-02 09:50:00,8246,8248,8244,8244,150,82816,12309000.0,OI1401
2013-07-02 09:51:00,8244,8248,8244,8246,200,82886,16412000.0,OI1401
2013-07-02 09:52:00,8246,8248,8242,8244,198,82958,16247880.0,OI1401
2013-07-02 09:53:00,8242,8242,8232,8234,950,82666,77957000.0,OI1401
2013-07-02 09:54:00,8234,8240,8234,8234,218,82672,17889080.0,OI1401
2013-07-02 09:55:00,8234,8238,8232,8234,218,82686,17892080.0,OI1401
2013-07-02 09:56:00,8234,8240,8234,8240,302,82594,24788160.0,OI1401
2013-07-02 09:57:00,8240,8240,8236,8238,168,82594,13789440.0,OI1401
2013-07-02 09:58:00,8238,8242,8238,8240,124,82614,10177920.0,OI1401
2013-07-02 09:59:00,8238,8238,8232,8234,480,82462,39398400.0,OI1401
2013-07-02 10:00:00,8238,8240,8236,8238,218,82392,17893440.0,OI1401
2013-07-02 10:01:00,8238,8242,8238,8242,186,82446,15266880.0,OI1401
2013-07-02 10:02:00,8242,8242,8238,8238,118,82452,9685440.0,OI1401
2013-07-02 10:03:00,8236,8240,8236,8240,166,82480,13625280.0,OI1401
2013-07-02 10:04:00,8240,8240,8238,8238,134,82532,10998720.0,OI1401
2013-07-02 10:05:00,8238,8246,8238,8246,454,82538,37264320.0,OI1401
2013-07-02 10:06:00,8248,8248,8244,8244,364,82418,29881160.0,OI1401
2013-07-02 10:07:00,8246,8248,8244,8246,454,82256,37273400.0,OI1401
2013-07-02 10:08:00,8246,8248,8246,8246,120,82214,9852000.0,OI1401
2013-07-02 10:09:00,8246,8246,8244,8244,688,82000,56484800.0,OI1401
2013-07-02 10:10:00,8244,8244,8238,8240,446,81866,36616600.0,OI1401
2013-07-02 10:11:00,8238,8240,8238,8240,178,81836,14613800.0,OI1401
2013-07-02 10:12:00,8240,8242,8240,8240,38,81836,3119800.0,OI1401
2013-07-02 10:13:00,8240,8244,8240,8242,166,81836,13628600.0,OI1401
2013-07-02 10:14:00,8242,8246,8242,8246,122,81854,10016200.0,OI1401
2013-07-02 10:30:00,8246,8248,8244,8244,296,81882,24302520.0,OI1401
2013-07-02 10:31:00,8246,8254,8246,8254,420,81844,34490400.0,OI1401
2013-07-02 10:32:00,8254,8270,8254,8270,1878,82064,154228960.0,OI1401
2013-07-02 10:33:00,8268,8272,8264,8266,690,82342,56676600.0,OI1401
2013-07-02 10:34:00,8264,8270,8264,8268,730,82602,59962200.0,OI1401
2013-07-02 10:35:00,8270,8286,8268,8286,3016,82804,247817840.0,OI1401
2013-07-02 10:36:00,8284,8296,8284,8286,1640,82838,134801080.0,OI1401
2013-07-02 10:37:00,8286,8306,8286,8298,1838,82978,151115120.0,OI1401
2013-07-02 10:38:00,8300,8300,8292,8294,1220,83136,100332800.0,OI1401
2013-07-02 10:39:00,8294,8294,8290,8292,734,83232,60372120.0,OI1401
2013-07-02 10:40:00,8292,8300,8292,8296,614,83396,50507640.0,OI1401
2013-07-02 10:41:00,8298,8306,8294,8302,1526,83462,125546480.0,OI1401
2013-07-02 10:42:00,8302,8302,8292,8298,852,83452,70103480.0,OI1401
2013-07-02 10:43:00,8298,8302,8296,8298,482,83488,39668600.0,OI1401
2013-07-02 10:44:00,8300,8302,8294,8294,1148,83404,94480400.0,OI1401
2013-07-02 10:45:00,8294,8300,8294,8298,658,83366,54164000.0,OI1401
2013-07-02 10:46:00,8298,8302,8296,8300,428,83480,35232960.0,OI1401
2013-07-02 10:47:00,8300,8300,8298,8298,136,83516,11195520.0,OI1401
2013-07-02 10:48:00,8298,8314,8296,8314,1098,83808,90392400.0,OI1401
2013-07-02 10:49:00,8314,8322,8312,8316,1788,83902,147232080.0,OI1401
2013-07-02 10:50:00,8316,8316,8290,8294,1924,83698,158468640.0,OI1401
2013-07-02 10:51:00,8294,8304,8294,8302,886,84024,72988680.0,OI1401
2013-07-02 10:52:00,8304,8304,8292,8294,1070,84176,88146600.0,OI1401
2013-07-02 10:53:00,8294,8296,8292,8294,656,84000,54053920.0,OI1401
2013-07-02 10:54:00,8296,8296,8292,8292,380,83938,31312000.0,OI1401
2013-07-02 10:55:00,8294,8296,8294,8294,380,83872,31312000.0,OI1401
2013-07-02 10:56:00,8294,8296,8292,8292,190,83816,15656000.0,OI1401
2013-07-02 10:57:00,8294,8296,8294,8294,100,83794,8240000.0,OI1401
2013-07-02 10:58:00,8294,8296,8294,8294,126,83704,10382400.0,OI1401
2013-07-02 10:59:00,8294,8298,8294,8296,196,83676,16150400.0,OI1401
2013-07-02 11:00:00,8296,8302,8296,8302,506,83744,41694400.0,OI1401
2013-07-02 11:01:00,8304,8304,8296,8298,362,83794,29834680.0,OI1401
2013-07-02 11:02:00,8298,8300,8298,8298,232,83742,19121440.0,OI1401
2013-07-02 11:03:00,8296,8298,8296,8296,236,83688,19451120.0,OI1401
2013-07-02 11:04:00,8296,8306,8296,8306,712,83688,58683040.0,OI1401
2013-07-02 11:05:00,8304,8306,8298,8302,630,83914,51924600.0,OI1401
2013-07-02 11:06:00,8300,8300,8296,8298,254,83922,20934680.0,OI1401
2013-07-02 11:07:00,8298,8300,8298,8298,268,83834,22089480.0,OI1401
2013-07-02 11:08:00,8296,8298,8296,8298,66,83806,5441040.0,OI1401
2013-07-02 11:09:00,8298,8298,8294,8294,562,83870,46331280.0,OI1401
2013-07-02 11:10:00,8294,8296,8268,8270,2412,82936,198845280.0,OI1401
2013-07-02 11:11:00,8270,8272,8266,8270,1848,82352,152359320.0,OI1401
2013-07-02 11:12:00,8270,8272,8246,8260,2718,82062,224126280.0,OI1401
2013-07-02 11:13:00,8262,8270,8258,8268,1142,82202,94169320.0,OI1401
2013-07-02 11:14:00,8268,8272,8266,8270,576,82210,47496960.0,OI1401
2013-07-02 11:15:00,8270,8270,8266,8268,310,82182,25562600.0,OI1401
2013-07-02 11:16:00,8268,8268,8264,8264,466,82062,38426360.0,OI1401
2013-07-02 11:17:00,8262,8266,8262,8264,380,82086,31334800.0,OI1401
2013-07-02 11:18:00,8266,8268,8264,8268,190,82092,15667400.0,OI1401
2013-07-02 11:19:00,8268,8268,8266,8268,192,82046,15832320.0,OI1401
2013-07-02 11:20:00,8268,8282,8268,8282,708,81688,58381680.0,OI1401
2013-07-02 11:21:00,8280,8284,8270,8270,498,81546,41065080.0,OI1401
2013-07-02 11:22:00,8270,8276,8270,8272,144,81482,11874240.0,OI1401
2013-07-02 11:23:00,8274,8274,8268,8270,106,81472,8740760.0,OI1401
2013-07-02 11:24:00,8270,8272,8266,8268,278,81350,22923880.0,OI1401
2013-07-02 11:25:00,8268,8268,8264,8266,182,81314,15007720.0,OI1401
2013-07-02 11:26:00,8266,8272,8266,8270,154,81286,12698840.0,OI1401
2013-07-02 11:27:00,8270,8270,8266,8266,116,81240,9565360.0,OI1401
2013-07-02 11:28:00,8268,8270,8266,8266,102,81168,8410920.0,OI1401
2013-07-02 11:29:00,8268,8268,8264,8268,354,81026,29197040.0,OI1401
2013-07-02 13:30:00,8270,8282,8270,8280,578,81044,47673440.0,OI1401
2013-07-02 13:31:00,8280,8284,8276,8278,478,80938,39425440.0,OI1401
2013-07-02 13:32:00,8280,8280,8272,8280,408,80804,33651840.0,OI1401
2013-07-02 13:33:00,8280,8280,8272,8272,162,80848,13361760.0,OI1401
2013-07-02 13:34:00,8272,8274,8266,8266,178,80828,14681440.0,OI1401
2013-07-02 13:35:00,8266,8270,8260,8264,682,80782,56251360.0,OI1401
2013-07-02 13:36:00,8264,8268,8264,8268,144,80816,11877120.0,OI1401
2013-07-02 13:37:00,8268,8268,8264,8266,136,80840,11217280.0,OI1401
2013-07-02 13:38:00,8266,8268,8264,8264,88,80834,7258240.0,OI1401
2013-07-02 13:39:00,8264,8268,8264,8264,78,80794,6433440.0,OI1401
2013-07-02 13:40:00,8264,8268,8264,8266,60,80786,4948800.0,OI1401
2013-07-02 13:41:00,8266,8272,8266,8272,320,80748,26393600.0,OI1401
2013-07-02 13:42:00,8270,8272,8268,8270,280,80824,23094400.0,OI1401
2013-07-02 13:43:00,8270,8272,8270,8272,94,80860,7753120.0,OI1401
2013-07-02 13:44:00,8272,8272,8266,8266,360,80958,29692800.0,OI1401
2013-07-02 13:45:00,8266,8268,8266,8266,172,80958,14186560.0,OI1401
2013-07-02 13:46:00,8268,8268,8264,8266,338,80972,27878240.0,OI1401
2013-07-02 13:47:00,8264,8264,8262,8264,204,81066,16825920.0,OI1401
2013-07-02 13:48:00,8262,8264,8252,8258,1302,81128,107388960.0,OI1401
2013-07-02 13:49:00,8258,8258,8252,8256,550,81078,45364000.0,OI1401
2013-07-02 13:50:00,8256,8258,8254,8254,310,81024,25568800.0,OI1401
2013-07-02 13:51:00,8252,8254,8242,8248,682,81100,56251360.0,OI1401
2013-07-02 13:52:00,8246,8250,8238,8238,838,81376,69118240.0,OI1401
2013-07-02 13:53:00,8238,8246,8238,8244,628,81444,51797440.0,OI1401
2013-07-02 13:54:00,8244,8246,8242,8246,138,81448,11382240.0,OI1401
2013-07-02 13:55:00,8246,8246,8240,8242,334,81522,27548320.0,OI1401
2013-07-02 13:56:00,8242,8246,8242,8246,180,81542,14846400.0,OI1401
2013-07-02 13:57:00,8246,8258,8246,8252,536,81424,44209280.0,OI1401
2013-07-02 13:58:00,8250,8252,8246,8250,552,81488,45528960.0,OI1401
2013-07-02 13:59:00,8250,8268,8250,8266,796,81318,65654080.0,OI1401
2013-07-02 14:00:00,8266,8268,8260,8268,690,81430,56911200.0,OI1401
2013-07-02 14:01:00,8266,8266,8256,8260,298,81410,24579040.0,OI1401
2013-07-02 14:02:00,8260,8264,8256,8256,344,81416,28373120.0,OI1401
2013-07-02 14:03:00,8254,8260,8254,8256,376,81654,31012480.0,OI1401
2013-07-02 14:04:00,8256,8260,8256,8258,250,81754,20620000.0,OI1401
2013-07-02 14:05:00,8258,8258,8256,8256,174,81720,14351520.0,OI1401
2013-07-02 14:06:00,8260,8260,8254,8256,220,81704,18145600.0,OI1401
2013-07-02 14:07:00,8256,8266,8256,8264,350,81532,28868000.0,OI1401
2013-07-02 14:08:00,8264,8264,8260,8262,154,81434,12701920.0,OI1401
2013-07-02 14:09:00,8260,8260,8258,8260,90,81444,7423200.0,OI1401
2013-07-02 14:10:00,8260,8262,8258,8258,124,81436,10227520.0,OI1401
2013-07-02 14:11:00,8258,8260,8258,8258,14,81430,1154720.0,OI1401
2013-07-02 14:12:00,8258,8258,8252,8256,442,81446,36456160.0,OI1401
2013-07-02 14:13:00,8256,8258,8256,8256,116,81444,9567680.0,OI1401
2013-07-02 14:14:00,8256,8258,8256,8258,30,81434,2474400.0,OI1401
2013-07-02 14:15:00,8258,8260,8256,8256,60,81406,4948800.0,OI1401
2013-07-02 14:16:00,8256,8260,8254,8258,146,81314,12042080.0,OI1401
2013-07-02 14:17:00,8256,8258,8256,8258,16,81322,1319680.0,OI1401
2013-07-02 14:18:00,8256,8258,8256,8256,58,81284,4783840.0,OI1401
2013-07-02 14:19:00,8256,8258,8256,8256,24,81276,1979520.0,OI1401
2013-07-02 14:20:00,8256,8258,8252,8254,114,81302,9402720.0,OI1401
2013-07-02 14:21:00,8254,8254,8250,8252,168,81260,13856640.0,OI1401
2013-07-02 14:22:00,8252,8254,8248,8250,156,81248,12866880.0,OI1401
2013-07-02 14:23:00,8250,8252,8248,8250,132,81196,10887360.0,OI1401
2013-07-02 14:24:00,8250,8258,8250,8258,196,81160,16166080.0,OI1401
2013-07-02 14:25:00,8258,8266,8258,8266,606,81254,49988240.0,OI1401
2013-07-02 14:26:00,8266,8266,8262,8266,168,81238,13860000.0,OI1401
2013-07-02 14:27:00,8266,8266,8262,8264,76,81218,6270000.0,OI1401
2013-07-02 14:28:00,8264,8266,8264,8266,66,81204,5445000.0,OI1401
2013-07-02 14:29:00,8266,8266,8264,8266,108,81218,8910000.0,OI1401
2013-07-02 14:30:00,8264,8264,8264,8264,52,81190,4290000.0,OI1401
2013-07-02 14:31:00,8264,8264,8264,8264,34,81172,2805000.0,OI1401
2013-07-02 14:32:00,8266,8266,8264,8266,110,81166,9075000.0,OI1401
2013-07-02 14:33:00,8268,8272,8268,8272,374,81080,30855000.0,OI1401
2013-07-02 14:34:00,8272,8272,8268,8270,182,80990,15015000.0,OI1401
2013-07-02 14:35:00,8270,8270,8266,8270,276,80962,22770000.0,OI1401
2013-07-02 14:36:00,8268,8272,8268,8272,262,80900,21615000.0,OI1401
2013-07-02 14:37:00,8270,8276,8270,8272,420,81092,34650000.0,OI1401
2013-07-02 14:38:00,8274,8276,8274,8274,142,81072,11715000.0,OI1401
2013-07-02 14:39:00,8274,8276,8272,8274,130,81034,10725000.0,OI1401
2013-07-02 14:40:00,8276,8276,8270,8270,304,80970,25080000.0,OI1401
2013-07-02 14:41:00,8272,8274,8270,8272,136,80982,11220000.0,OI1401
2013-07-02 14:42:00,8270,8276,8266,8272,382,81170,31515000.0,OI1401
2013-07-02 14:43:00,8272,8274,8272,8274,62,81160,5115000.0,OI1401
2013-07-02 14:44:00,8274,8276,8272,8276,106,81122,8745000.0,OI1401
2013-07-02 14:45:00,8274,8274,8270,8274,100,81098,8250000.0,OI1401
2013-07-02 14:46:00,8274,8280,8274,8280,336,81146,27720000.0,OI1401
2013-07-02 14:47:00,8278,8284,8276,8282,538,81140,44385000.0,OI1401
2013-07-02 14:48:00,8282,8286,8282,8284,518,80958,42735000.0,OI1401
2013-07-02 14:49:00,8286,8292,8286,8292,700,80862,57750000.0,OI1401
2013-07-02 14:50:00,8294,8298,8292,8296,722,80870,59565000.0,OI1401
2013-07-02 14:51:00,8298,8298,8284,8288,726,80962,59895000.0,OI1401
2013-07-02 14:52:00,8288,8298,8284,8296,600,80790,49509280.0,OI1401
2013-07-02 14:53:00,8296,8302,8290,8292,988,80868,81529760.0,OI1401
2013-07-02 14:54:00,8290,8296,8290,8292,126,80890,10397520.0,OI1401
2013-07-02 14:55:00,8292,8296,8290,8294,210,80908,17329200.0,OI1401
2013-07-02 14:56:00,8292,8292,8274,8278,508,80820,41920160.0,OI1401
2013-07-02 14:57:00,8278,8280,8276,8278,324,80620,26736480.0,OI1401
2013-07-02 14:58:00,8278,8280,8272,8272,882,80238,72782640.0,OI1401
2013-07-02 14:59:00,8274,8280,8274,8280,682,79942,56278640.0,OI1401
2013-07-03 09:00:00,8292,8294,8270,8294,488,80082,40448120.0,OI1401
2013-07-03 09:01:00,8290,8304,8286,8288,906,80026,75116280.0,OI1401
2013-07-03 09:02:00,8286,8290,8282,8290,196,80016,16252320.0,OI1401
2013-07-03 09:03:00,8288,8288,8270,8274,448,80032,37136800.0,OI1401
2013-07-03 09:04:00,8276,8284,8274,8282,296,80062,24531160.0,OI1401
2013-07-03 09:05:00,8280,8282,8274,8274,152,80028,12594720.0,OI1401
2013-07-03 09:06:00,8276,8284,8276,8284,310,80074,25686600.0,OI1401
2013-07-03 09:07:00,8284,8294,8280,8294,294,80092,24360840.0,OI1401
2013-07-03 09:08:00,8296,8300,8292,8300,640,80074,53033960.0,OI1401
2013-07-03 09:09:00,8300,8320,8298,8320,1166,80290,96659040.0,OI1401
2013-07-03 09:10:00,8320,8330,8320,8326,1616,80280,134079720.0,OI1401
2013-07-03 09:11:00,8326,8326,8322,8324,364,80312,30219080.0,OI1401
2013-07-03 09:12:00,8324,8328,8322,8326,526,80412,43674680.0,OI1401
2013-07-03 09:13:00,8326,8326,8322,8324,384,80364,31887360.0,OI1401
2013-07-03 09:14:00,8324,8324,8318,8320,852,80566,70767120.0,OI1401
2013-07-03 09:15:00,8318,8318,8308,8314,726,80486,60309800.0,OI1401
2013-07-03 09:16:00,8314,8326,8314,8320,544,80534,45195520.0,OI1401
2013-07-03 09:17:00,8320,8324,8318,8322,400,80740,33232000.0,OI1401
2013-07-03 09:18:00,8320,8320,8316,8318,112,80796,9304960.0,OI1401
2013-07-03 09:19:00,8316,8316,8310,8314,474,80902,39379920.0,OI1401
2013-07-03 09:20:00,8314,8322,8314,8320,220,80918,18279080.0,OI1401
2013-07-03 09:21:00,8320,8346,8320,8342,1234,81028,102549800.0,OI1401
2013-07-03 09:22:00,8344,8346,8334,8338,1070,81254,88947560.0,OI1401
2013-07-03 09:23:00,8336,8336,8334,8336,500,81300,41570000.0,OI1401
2013-07-03 09:24:00,8336,8342,8336,8336,590,81354,49060120.0,OI1401
2013-07-03 09:25:00,8336,8338,8332,8334,440,81522,36590400.0,OI1401
2013-07-03 09:26:00,8332,8332,8326,8332,390,81498,32432400.0,OI1401
2013-07-03 09:27:00,8332,8332,8316,8324,884,81802,73514280.0,OI1401
2013-07-03 09:28:00,8322,8322,8318,8320,1588,82972,132089840.0,OI1401
2013-07-03 09:29:00,8322,8326,8318,8326,796,83408,66211280.0,OI1401
2013-07-03 09:30:00,8326,8328,8322,8324,596,83836,49575280.0,OI1401
2013-07-03 09:31:00,8322,8326,8320,8324,396,84002,32939280.0,OI1401
2013-07-03 09:32:00,8324,8328,8324,8324,642,84524,53401560.0,OI1401
2013-07-03 09:33:00,8326,8328,8324,8328,124,84600,10314320.0,OI1401
2013-07-03 09:34:00,8328,8332,8326,8330,422,84784,35101960.0,OI1401
2013-07-03 09:35:00,8330,8332,8326,8326,398,84834,33105640.0,OI1401
2013-07-03 09:36:00,8324,8326,8322,8324,384,85124,31941120.0,OI1401
2013-07-03 09:37:00,8324,8324,8320,8320,524,85340,43586320.0,OI1401
2013-07-03 09:38:00,8322,8322,8318,8320,308,85412,25619440.0,OI1401
2013-07-03 09:39:00,8320,8320,8312,8312,1094,85742,90998920.0,OI1401
2013-07-03 09:40:00,8312,8320,8312,8316,590,86050,49076200.0,OI1401
2013-07-03 09:41:00,8316,8322,8316,8320,632,86394,52569760.0,OI1401
2013-07-03 09:42:00,8320,8324,8318,8318,386,86602,32107480.0,OI1401
2013-07-03 09:43:00,8318,8320,8316,8320,260,86612,21626800.0,OI1401
2013-07-03 09:44:00,8320,8320,8314,8314,360,86614,29944800.0,OI1401
2013-07-03 09:45:00,8316,8318,8312,8316,376,86586,31275680.0,OI1401
2013-07-03 09:46:00,8318,8320,8314,8318,238,86612,19796840.0,OI1401
2013-07-03 09:47:00,8318,8320,8316,8318,154,86646,12809720.0,OI1401
2013-07-03 09:48:00,8318,8318,8316,8318,352,86652,29279360.0,OI1401
2013-07-03 09:49:00,8318,8320,8318,8318,60,86656,4990800.0,OI1401
2013-07-03 09:50:00,8316,8316,8312,8314,188,86662,15637840.0,OI1401
2013-07-03 09:51:00,8312,8314,8306,8308,786,86826,65379480.0,OI1401
2013-07-03 09:52:00,8308,8308,8298,8302,472,86802,39260960.0,OI1401
2013-07-03 09:53:00,8302,8302,8290,8292,1534,87240,127595160.0,OI1401
2013-07-03 09:54:00,8292,8294,8290,8294,510,87396,42411600.0,OI1401
2013-07-03 09:55:00,8292,8296,8292,8296,350,87402,29106000.0,OI1401
2013-07-03 09:56:00,8294,8296,8292,8294,218,87422,18128880.0,OI1401
2013-07-03 09:57:00,8294,8296,8292,8296,88,87426,7318080.0,OI1401
2013-07-03 09:58:00,8296,8296,8294,8294,146,87460,12141360.0,OI1401
2013-07-03 09:59:00,8292,8296,8292,8296,180,87438,14968800.0,OI1401
2013-07-03 10:00:00,8296,8298,8292,8298,270,87492,22453200.0,OI1401
2013-07-03 10:01:00,8296,8302,8294,8296,268,87528,22286880.0,OI1401
2013-07-03 10:02:00,8296,8296,8290,8296,560,87504,46569600.0,OI1401
2013-07-03 10:03:00,8296,8302,8296,8300,250,87388,20788880.0,OI1401
2013-07-03 10:04:00,8298,8300,8296,8298,58,87360,4822120.0,OI1401
2013-07-03 10:05:00,8298,8298,8296,8296,24,87360,1995360.0,OI1401
2013-07-03 10:06:00,8296,8296,8290,8292,226,87348,18789640.0,OI1401
2013-07-03 10:07:00,8292,8294,8290,8294,306,87430,25440840.0,OI1401
2013-07-03 10:08:00,8294,8294,8290,8292,114,87388,9477960.0,OI1401
2013-07-03 10:09:00,8290,8296,8288,8294,136,87406,11307040.0,OI1401
2013-07-03 10:10:00,8292,8292,8290,8290,114,87392,9477960.0,OI1401
2013-07-03 10:11:00,8290,8290,8288,8290,130,87418,10808200.0,OI1401
2013-07-03 10:12:00,8290,8290,8282,8282,736,87458,61191040.0,OI1401
2013-07-03 10:13:00,8284,8286,8282,8286,732,87602,60858480.0,OI1401
2013-07-03 10:14:00,8284,8286,8284,8284,98,87602,8146320.0,OI1401
2013-07-03 10:30:00,8284,8286,8282,8284,154,87670,12800480.0,OI1401
2013-07-03 10:31:00,8282,8294,8282,8292,334,87532,27762080.0,OI1401
2013-07-03 10:32:00,8292,8296,8288,8294,232,87408,19283840.0,OI1401
2013-07-03 10:33:00,8294,8294,8290,8290,226,87280,18785120.0,OI1401
2013-07-03 10:34:00,8290,8294,8290,8294,130,87200,10805600.0,OI1401
2013-07-03 10:35:00,8294,8294,8290,8292,124,87140,10306880.0,OI1401
2013-07-03 10:36:00,8290,8296,8290,8296,92,87114,7647040.0,OI1401
2013-07-03 10:37:00,8294,8296,8292,8292,60,87090,4987200.0,OI1401
2013-07-03 10:38:00,8292,8294,8292,8294,62,87092,5153440.0,OI1401
2013-07-03 10:39:00,8294,8296,8294,8296,20,87102,1662400.0,OI1401
2013-07-03 10:40:00,8298,8298,8296,8296,144,87110,11969280.0,OI1401
2013-07-03 10:41:00,8294,8296,8294,8294,52,87110,4322240.0,OI1401
2013-07-03 10:42:00,8294,8296,8292,8292,84,87098,6982080.0,OI1401
2013-07-03 10:43:00,8290,8290,8288,8290,134,87044,11138080.0,OI1401
2013-07-03 10:44:00,8288,8290,8288,8288,46,87064,3823520.0,OI1401
2013-07-03 10:45:00,8288,8290,8286,8286,56,87078,4654720.0,OI1401
2013-07-03 10:46:00,8288,8290,8288,8290,38,87070,3158560.0,OI1401
2013-07-03 10:47:00,8290,8290,8290,8290,6,87070,498720.0,OI1401
2013-07-03 10:48:00,8290,8292,8290,8292,20,87058,1662400.0,OI1401
2013-07-03 10:49:00,8292,8294,8292,8292,10,87060,831200.0,OI1401
2013-07-03 10:50:00,8292,8296,8292,8296,66,87024,5485920.0,OI1401
2013-07-03 10:51:00,8296,8316,8296,8310,946,86776,78631520.0,OI1401
2013-07-03 10:52:00,8310,8314,8310,8310,266,86690,22109920.0,OI1401
2013-07-03 10:53:00,8310,8318,8310,8318,526,86752,43721120.0,OI1401
2013-07-03 10:54:00,8316,8318,8314,8314,338,86788,28094560.0,OI1401
2013-07-03 10:55:00,8314,8314,8312,8312,120,86850,9974400.0,OI1401
2013-07-03 10:56:00,8312,8312,8310,8310,208,86866,17288960.0,OI1401
2013-07-03 10:57:00,8310,8310,8306,8310,186,86828,15460320.0,OI1401
2013-07-03 10:58:00,8312,8314,8310,8310,96,86822,7979520.0,OI1401
2013-07-03 10:59:00,8310,8310,8310,8310,58,86808,4820960.0,OI1401
2013-07-03 11:00:00,8310,8310,8308,8308,126,86784,10473120.0,OI1401
2013-07-03 11:01:00,8308,8310,8308,8310,66,86766,5485920.0,OI1401
2013-07-03 11:02:00,8308,8308,8308,8308,52,86766,4322240.0,OI1401
2013-07-03 11:03:00,8308,8308,8306,8306,62,86734,5153440.0,OI1401
2013-07-03 11:04:00,8306,8306,8304,8304,48,86706,3989760.0,OI1401
2013-07-03 11:05:00,8306,8306,8306,8306,42,86732,3491040.0,OI1401
2013-07-03 11:06:00,8306,8308,8306,8308,34,86730,2826080.0,OI1401
2013-07-03 11:07:00,8308,8310,8306,8310,48,86708,3989760.0,OI1401
2013-07-03 11:08:00,8308,8310,8308,8308,42,86710,3491040.0,OI1401
2013-07-03 11:09:00,8308,8308,8302,8302,56,86710,4654720.0,OI1401
2013-07-03 11:10:00,8302,8304,8300,8304,142,86688,11803040.0,OI1401
2013-07-03 11:11:00,8306,8308,8302,8302,76,86688,6317120.0,OI1401
2013-07-03 11:12:00,8306,8306,8302,8302,54,86658,4488480.0,OI1401
2013-07-03 11:13:00,8302,8302,8296,8298,274,86672,22774880.0,OI1401
2013-07-03 11:14:00,8298,8298,8296,8296,80,86708,6649600.0,OI1401
2013-07-03 11:15:00,8294,8294,8284,8286,406,86648,33746720.0,OI1401
2013-07-03 11:16:00,8290,8290,8286,8286,190,86718,15792800.0,OI1401
2013-07-03 11:17:00,8286,8288,8284,8286,242,86782,20115040.0,OI1401
2013-07-03 11:18:00,8286,8288,8284,8288,360,86656,29921120.0,OI1401
2013-07-03 11:19:00,8288,8288,8286,8286,162,86646,13462200.0,OI1401
2013-07-03 11:20:00,8284,8288,8278,8288,808,86828,67144800.0,OI1401
2013-07-03 11:21:00,8288,8298,8288,8294,380,86836,31578000.0,OI1401
2013-07-03 11:22:00,8294,8296,8290,8292,146,86764,12132600.0,OI1401
2013-07-03 11:23:00,8292,8292,8288,8288,174,86812,14459400.0,OI1401
2013-07-03 11:24:00,8288,8288,8284,8288,94,86854,7811400.0,OI1401
2013-07-03 11:25:00,8290,8292,8288,8290,30,86852,2493000.0,OI1401
2013-07-03 11:26:00,8290,8292,8290,8292,76,86876,6315600.0,OI1401
2013-07-03 11:27:00,8290,8290,8284,8290,104,86918,8642400.0,OI1401
2013-07-03 11:28:00,8288,8288,8286,8288,74,86966,6149400.0,OI1401
2013-07-03 11:29:00,8286,8290,8286,8290,90,86984,7479000.0,OI1401
2013-07-03 13:30:00,8288,8290,8288,8290,98,86986,8143800.0,OI1401
2013-07-03 13:31:00,8290,8290,8286,8286,68,86990,5650800.0,OI1401
2013-07-03 13:32:00,8288,8290,8288,8290,40,87008,3324000.0,OI1401
2013-07-03 13:33:00,8290,8298,8290,8296,324,87046,26924400.0,OI1401
2013-07-03 13:34:00,8296,8300,8294,8298,196,87046,16287600.0,OI1401
2013-07-03 13:35:00,8296,8298,8292,8292,144,87096,11966400.0,OI1401
2013-07-03 13:36:00,8294,8296,8294,8294,68,87080,5650800.0,OI1401
2013-07-03 13:37:00,8294,8294,8290,8290,102,87070,8476200.0,OI1401
2013-07-03 13:38:00,8290,8292,8288,8290,148,87124,12298800.0,OI1401
2013-07-03 13:39:00,8290,8290,8288,8288,60,87146,4986000.0,OI1401
2013-07-03 13:40:00,8288,8294,8286,8294,684,87738,56840400.0,OI1401
2013-07-03 13:41:00,8294,8294,8286,8288,1012,88642,84077120.0,OI1401
2013-07-03 13:42:00,8288,8288,8284,8286,342,88838,28413360.0,OI1401
2013-07-03 13:43:00,8284,8288,8284,8286,98,88830,8141840.0,OI1401
2013-07-03 13:44:00,8286,8286,8282,8286,218,88870,18111440.0,OI1401
2013-07-03 13:45:00,8284,8284,8276,8280,308,89010,25588640.0,OI1401
2013-07-03 13:46:00,8278,8278,8268,8270,898,89458,74605840.0,OI1401
2013-07-03 13:47:00,8270,8276,8268,8272,598,89780,49681840.0,OI1401
2013-07-03 13:48:00,8274,8274,8262,8262,970,90170,80571680.0,OI1401
2013-07-03 13:49:00,8266,8272,8264,8272,386,90254,32061160.0,OI1401
2013-07-03 13:50:00,8272,8274,8262,8268,588,90466,48839280.0,OI1401
2013-07-03 13:51:00,8268,8272,8268,8270,182,90494,15116920.0,OI1401
2013-07-03 13:52:00,8272,8272,8264,8266,342,90642,28406520.0,OI1401
2013-07-03 13:53:00,8266,8270,8266,8268,98,90618,8139880.0,OI1401
2013-07-03 13:54:00,8268,8272,8268,8268,248,90638,20598880.0,OI1401
2013-07-03 13:55:00,8268,8274,8268,8270,236,90656,19600160.0,OI1401
2013-07-03 13:56:00,8268,8270,8266,8268,138,90710,11459520.0,OI1401
2013-07-03 13:57:00,8266,8268,8264,8264,78,90752,6477120.0,OI1401
2013-07-03 13:58:00,8264,8266,8262,8266,234,90764,19431360.0,OI1401
2013-07-03 13:59:00,8266,8266,8264,8264,92,90778,7639680.0,OI1401
2013-07-03 14:00:00,8264,8264,8258,8262,490,90934,40689600.0,OI1401
2013-07-03 14:01:00,8262,8270,8262,8268,560,91032,46502400.0,OI1401
2013-07-03 14:02:00,8266,8272,8266,8268,1032,91430,85697280.0,OI1401
2013-07-03 14:03:00,8268,8270,8266,8268,76,91400,6311040.0,OI1401
2013-07-03 14:04:00,8266,8268,8264,8268,78,91460,6477120.0,OI1401
2013-07-03 14:05:00,8268,8270,8266,8268,384,91656,31881040.0,OI1401
2013-07-03 14:06:00,8268,8268,8264,8264,118,91660,9796360.0,OI1401
2013-07-03 14:07:00,8266,8268,8266,8266,112,91630,9298240.0,OI1401
2013-07-03 14:08:00,8266,8268,8264,8266,84,91606,6973680.0,OI1401
2013-07-03 14:09:00,8268,8270,8268,8270,98,91618,8135960.0,OI1401
2013-07-03 14:10:00,8268,8270,8268,8270,454,91738,37691080.0,OI1401
2013-07-03 14:11:00,8270,8270,8266,8268,106,91668,8800120.0,OI1401
2013-07-03 14:12:00,8268,8270,8268,8268,88,91636,7305760.0,OI1401
2013-07-03 14:13:00,8268,8268,8268,8268,46,91650,3818920.0,OI1401
2013-07-03 14:14:00,8268,8268,8264,8264,80,91684,6641600.0,OI1401
2013-07-03 14:15:00,8264,8268,8264,8268,58,91722,4815160.0,OI1401
2013-07-03 14:16:00,8266,8268,8266,8268,28,91736,2324560.0,OI1401
2013-07-03 14:17:00,8270,8270,8266,8266,32,91732,2656640.0,OI1401
2013-07-03 14:18:00,8266,8266,8264,8266,140,91690,11622800.0,OI1401
2013-07-03 14:19:00,8266,8268,8264,8266,132,91688,10958640.0,OI1401
2013-07-03 14:20:00,8264,8268,8264,8268,76,91696,6309520.0,OI1401
2013-07-03 14:21:00,8268,8270,8266,8270,140,91660,11622800.0,OI1401
2013-07-03 14:22:00,8270,8270,8268,8270,20,91660,1660400.0,OI1401
2013-07-03 14:23:00,8268,8270,8268,8270,86,91676,7139720.0,OI1401
2013-07-03 14:24:00,8270,8270,8268,8268,26,91678,2158520.0,OI1401
2013-07-03 14:25:00,8268,8270,8268,8268,98,91600,8135960.0,OI1401
2013-07-03 14:26:00,8268,8268,8266,8266,94,91608,7803880.0,OI1401
2013-07-03 14:27:00,8266,8266,8260,8260,592,91782,49147840.0,OI1401
2013-07-03 14:28:00,8262,8262,8258,8262,412,91798,34202480.0,OI1401
2013-07-03 14:29:00,8260,8264,8260,8262,192,91822,15936000.0,OI1401
2013-07-03 14:30:00,8262,8268,8260,8268,240,91706,19920000.0,OI1401
2013-07-03 14:31:00,8268,8270,8268,8270,346,91842,28718000.0,OI1401
2013-07-03 14:32:00,8270,8272,8270,8270,284,91792,23572000.0,OI1401
2013-07-03 14:33:00,8270,8270,8266,8268,72,91774,5976000.0,OI1401
2013-07-03 14:34:00,8268,8270,8268,8268,162,91710,13446000.0,OI1401
2013-07-03 14:35:00,8266,8270,8266,8268,54,91714,4482000.0,OI1401
2013-07-03 14:36:00,8270,8270,8268,8270,36,91726,2988000.0,OI1401
2013-07-03 14:37:00,8270,8270,8270,8270,34,91728,2822000.0,OI1401
2013-07-03 14:38:00,8270,8272,8270,8270,166,91798,13778000.0,OI1401
2013-07-03 14:39:00,8270,8270,8270,8270,88,91758,7304000.0,OI1401
2013-07-03 14:40:00,8270,8270,8270,8270,68,91710,5644000.0,OI1401
2013-07-03 14:41:00,8270,8272,8270,8272,30,91700,2490000.0,OI1401
2013-07-03 14:42:00,8270,8286,8270,8286,498,91374,41334000.0,OI1401
2013-07-03 14:43:00,8282,8284,8278,8278,264,91298,21912000.0,OI1401
2013-07-03 14:44:00,8280,8284,8280,8282,148,91294,12284000.0,OI1401
2013-07-03 14:45:00,8280,8282,8280,8280,30,91288,2490000.0,OI1401
2013-07-03 14:46:00,8280,8282,8266,8266,344,91174,28552000.0,OI1401
2013-07-03 14:47:00,8266,8268,8256,8268,670,91202,55610000.0,OI1401
2013-07-03 14:48:00,8268,8268,8262,8266,158,91224,13114000.0,OI1401
2013-07-03 14:49:00,8264,8266,8262,8264,120,91292,9960000.0,OI1401
2013-07-03 14:50:00,8264,8264,8260,8262,158,91330,13112480.0,OI1401
2013-07-03 14:51:00,8264,8266,8262,8264,82,91318,6804360.0,OI1401
2013-07-03 14:52:00,8264,8266,8258,8262,134,91306,11119320.0,OI1401
2013-07-03 14:53:00,8262,8266,8262,8266,72,91286,5974560.0,OI1401
2013-07-03 14:54:00,8264,8266,8262,8264,98,91216,8132040.0,OI1401
2013-07-03 14:55:00,8264,8264,8262,8262,104,91158,8629920.0,OI1401
2013-07-03 14:56:00,8262,8268,8262,8266,230,90992,19085400.0,OI1401
2013-07-03 14:57:00,8268,8268,8266,8266,254,90820,21076920.0,OI1401
2013-07-03 14:58:00,8266,8270,8266,8266,330,90718,27383400.0,OI1401
2013-07-03 14:59:00,8264,8270,8264,8264,240,90644,19915200.0,OI1401
2013-07-04 09:00:00,8292,8298,8280,8298,518,90692,42941640.0,OI1401
2013-07-04 09:01:00,8294,8298,8288,8290,932,91238,77281440.0,OI1401
2013-07-04 09:02:00,8288,8290,8280,8290,608,91532,50415360.0,OI1401
2013-07-04 09:03:00,8288,8292,8270,8274,910,91548,75449560.0,OI1401
2013-07-04 09:04:00,8274,8276,8268,8274,1000,91772,82867040.0,OI1401
2013-07-04 09:05:00,8274,8282,8272,8276,330,91622,27337200.0,OI1401
2013-07-04 09:06:00,8280,8280,8276,8276,114,91596,9443760.0,OI1401
2013-07-04 09:07:00,8276,8278,8274,8274,164,91580,13585760.0,OI1401
2013-07-04 09:08:00,8278,8278,8268,8270,526,91762,43571920.0,OI1401
2013-07-04 09:09:00,8270,8276,8270,8276,126,91810,10435320.0,OI1401
2013-07-04 09:10:00,8276,8282,8276,8280,172,91798,14245040.0,OI1401
2013-07-04 09:11:00,8280,8292,8280,8290,500,91846,41410000.0,OI1401
2013-07-04 09:12:00,8288,8292,8286,8292,294,92010,24352880.0,OI1401
2013-07-04 09:13:00,8290,8292,8286,8290,192,91976,15905280.0,OI1401
2013-07-04 09:14:00,8292,8292,8284,8284,404,92036,33467360.0,OI1401
2013-07-04 09:15:00,8284,8286,8284,8286,124,92002,10272160.0,OI1401
2013-07-04 09:16:00,8286,8290,8286,8288,92,91994,7621280.0,OI1401
2013-07-04 09:17:00,8288,8290,8288,8290,56,91980,4639040.0,OI1401
2013-07-04 09:18:00,8288,8290,8286,8286,198,92032,16402320.0,OI1401
2013-07-04 09:19:00,8288,8288,8286,8288,40,92020,3313600.0,OI1401
2013-07-04 09:20:00,8286,8286,8284,8284,90,92002,7455600.0,OI1401
2013-07-04 09:21:00,8284,8286,8282,8284,66,92010,5467440.0,OI1401
2013-07-04 09:22:00,8282,8282,8276,8276,216,92074,17893440.0,OI1401
2013-07-04 09:23:00,8278,8278,8274,8278,112,92052,9278080.0,OI1401
2013-07-04 09:24:00,8278,8278,8276,8276,48,92070,3976320.0,OI1401
2013-07-04 09:25:00,8276,8278,8274,8274,236,92142,19550240.0,OI1401
2013-07-04 09:26:00,8276,8276,8272,8272,116,92154,9609440.0,OI1401
2013-07-04 09:27:00,8272,8276,8272,8274,140,92110,11597600.0,OI1401
2013-07-04 09:28:00,8274,8274,8272,8274,66,92128,5467440.0,OI1401
2013-07-04 09:29:00,8274,8276,8272,8274,84,92130,6958560.0,OI1401
2013-07-04 09:30:00,8272,8276,8272,8274,108,92116,8946720.0,OI1401
2013-07-04 09:31:00,8274,8276,8272,8274,148,92126,12258280.0,OI1401
2013-07-04 09:32:00,8276,8276,8272,8272,154,92078,12754280.0,OI1401
2013-07-04 09:33:00,8272,8272,8250,8256,656,92290,54329920.0,OI1401
2013-07-04 09:34:00,8256,8264,8254,8258,506,92568,41899560.0,OI1401
2013-07-04 09:35:00,8258,8258,8244,8246,1100,92906,91067120.0,OI1401
2013-07-04 09:36:00,8246,8250,8246,8246,430,93064,35588280.0,OI1401
2013-07-04 09:37:00,8244,8248,8238,8242,722,93354,59746480.0,OI1401
2013-07-04 09:38:00,8242,8242,8236,8238,484,93580,40045360.0,OI1401
2013-07-04 09:39:00,8240,8250,8240,8244,440,93594,36396800.0,OI1401
2013-07-04 09:40:00,8246,8248,8246,8246,78,93620,6452160.0,OI1401
2013-07-04 09:41:00,8246,8248,8244,8246,256,93748,21176320.0,OI1401
2013-07-04 09:42:00,8246,8248,8244,8248,212,93842,17535840.0,OI1401
2013-07-04 09:43:00,8246,8260,8246,8260,556,93812,45981200.0,OI1401
2013-07-04 09:44:00,8260,8260,8252,8256,332,93710,27456400.0,OI1401
2013-07-04 09:45:00,8256,8258,8252,8252,248,93576,20509600.0,OI1401
2013-07-04 09:46:00,8252,8254,8250,8250,260,93656,21502000.0,OI1401
2013-07-04 09:47:00,8250,8254,8250,8252,104,93704,8600800.0,OI1401
2013-07-04 09:48:00,8254,8260,8252,8258,276,93846,22825200.0,OI1401
2013-07-04 09:49:00,8260,8260,8256,8260,364,94050,30100960.0,OI1401
2013-07-04 09:50:00,8260,8260,8258,8260,344,93908,28441920.0,OI1401
2013-07-04 09:51:00,8260,8260,8256,8258,502,94104,41505360.0,OI1401
2013-07-04 09:52:00,8256,8260,8254,8258,212,94074,17528160.0,OI1401
2013-07-04 09:53:00,8258,8258,8252,8254,86,94078,7110480.0,OI1401
2013-07-04 09:54:00,8252,8254,8252,8254,56,94108,4630080.0,OI1401
2013-07-04 09:55:00,8252,8254,8252,8252,490,94436,40513200.0,OI1401
2013-07-04 09:56:00,8252,8254,8250,8250,78,94410,6449040.0,OI1401
2013-07-04 09:57:00,8252,8256,8250,8256,186,94334,15378480.0,OI1401
2013-07-04 09:58:00,8258,8258,8254,8256,26,94336,2149680.0,OI1401
2013-07-04 09:59:00,8256,8256,8254,8254,106,94364,8764080.0,OI1401
2013-07-04 10:00:00,8252,8258,8252,8258,70,94358,5787600.0,OI1401
2013-07-04 10:01:00,8258,8260,8256,8258,86,94352,7110480.0,OI1401
2013-07-04 10:02:00,8258,8266,8258,8266,1416,94740,117074880.0,OI1401
2013-07-04 10:03:00,8266,8268,8264,8268,640,95146,52915200.0,OI1401
2013-07-04 10:04:00,8268,8268,8264,8264,328,95372,27119040.0,OI1401
2013-07-04 10:05:00,8266,8266,8264,8264,132,95424,10913760.0,OI1401
2013-07-04 10:06:00,8264,8268,8264,8268,124,95430,10250040.0,OI1401
2013-07-04 10:07:00,8268,8268,8266,8266,96,95408,7935560.0,OI1401
2013-07-04 10:08:00,8266,8268,8262,8262,260,95572,21491600.0,OI1401
2013-07-04 10:09:00,8262,8262,8260,8260,86,95586,7108760.0,OI1401
2013-07-04 10:10:00,8262,8262,8260,8262,108,95586,8927280.0,OI1401
2013-07-04 10:11:00,8264,8266,8262,8264,62,95574,5124920.0,OI1401
2013-07-04 10:12:00,8264,8266,8262,8262,130,95546,10745800.0,OI1401
2013-07-04 10:13:00,8262,8262,8262,8262,60,95520,4959600.0,OI1401
2013-07-04 10:14:00,8262,8262,8260,8262,46,95514,3802360.0,OI1401
2013-07-04 10:30:00,8262,8262,8260,8260,48,95528,3967680.0,OI1401
2013-07-04 10:31:00,8260,8264,8260,8264,104,95572,8596640.0,OI1401
2013-07-04 10:32:00,8262,8264,8262,8264,60,95576,4959600.0,OI1401
2013-07-04 10:33:00,8262,8264,8262,8262,42,95584,3471720.0,OI1401
2013-07-04 10:34:00,8262,8264,8262,8264,92,95552,7604720.0,OI1401
2013-07-04 10:35:00,8264,8268,8264,8266,134,95500,11076440.0,OI1401
2013-07-04 10:36:00,8264,8266,8264,8266,30,95516,2479800.0,OI1401
2013-07-04 10:37:00,8266,8266,8264,8266,34,95506,2810440.0,OI1401
2013-07-04 10:38:00,8266,8266,8264,8264,42,95498,3471720.0,OI1401
2013-07-04 10:39:00,8264,8266,8264,8266,44,95484,3637040.0,OI1401
2013-07-04 10:40:00,8264,8266,8264,8264,16,95478,1322560.0,OI1401
2013-07-04 10:41:00,8266,8266,8260,8260,232,95622,19177120.0,OI1401
2013-07-04 10:42:00,8260,8260,8256,8256,230,95722,19011800.0,OI1401
2013-07-04 10:43:00,8256,8258,8252,8256,234,95734,19342440.0,OI1401
2013-07-04 10:44:00,8258,8262,8258,8260,102,95714,8431320.0,OI1401
2013-07-04 10:45:00,8260,8272,8260,8272,446,95486,36866360.0,OI1401
2013-07-04 10:46:00,8272,8272,8266,8266,152,95506,12564320.0,OI1401
2013-07-04 10:47:00,8268,8270,8266,8270,34,95488,2810440.0,OI1401
2013-07-04 10:48:00,8270,8270,8268,8270,54,95452,4463640.0,OI1401
2013-07-04 10:49:00,8270,8288,8270,8284,550,95234,45463000.0,OI1401
2013-07-04 10:50:00,8286,8286,8282,8286,380,95072,31417080.0,OI1401
2013-07-04 10:51:00,8284,8290,8284,8288,532,95242,43985760.0,OI1401
2013-07-04 10:52:00,8284,8288,8278,8278,240,95230,19843200.0,OI1401
2013-07-04 10:53:00,8278,8284,8278,8284,292,95408,24142560.0,OI1401
2013-07-04 10:54:00,8284,8286,8282,8284,268,95412,22158240.0,OI1401
2013-07-04 10:55:00,8284,8286,8282,8284,114,95418,9425520.0,OI1401
2013-07-04 10:56:00,8284,8284,8282,8282,16,95416,1322880.0,OI1401
2013-07-04 10:57:00,8282,8282,8278,8280,110,95340,9094800.0,OI1401
2013-07-04 10:58:00,8280,8280,8278,8278,184,95382,15213120.0,OI1401
2013-07-04 10:59:00,8278,8278,8276,8278,62,95410,5126160.0,OI1401
2013-07-04 11:00:00,8278,8286,8278,8284,352,95234,29103360.0,OI1401
2013-07-04 11:01:00,8284,8284,8282,8284,204,95226,16866720.0,OI1401
2013-07-04 11:02:00,8284,8286,8282,8284,64,95174,5291520.0,OI1401
2013-07-04 11:03:00,8284,8286,8280,8282,72,95166,5952960.0,OI1401
2013-07-04 11:04:00,8282,8282,8280,8282,74,95188,6118320.0,OI1401
2013-07-04 11:05:00,8282,8282,8280,8282,58,95180,4795440.0,OI1401
2013-07-04 11:06:00,8280,8282,8280,8282,26,95184,2149680.0,OI1401
2013-07-04 11:07:00,8282,8288,8282,8284,70,95164,5787600.0,OI1401
2013-07-04 11:08:00,8284,8284,8284,8284,16,95160,1322880.0,OI1401
2013-07-04 11:09:00,8284,8284,8280,8282,38,95158,3141840.0,OI1401
2013-07-04 11:10:00,8282,8282,8274,8278,118,95128,9756240.0,OI1401
2013-07-04 11:11:00,8278,8280,8278,8278,6,95126,496080.0,OI1401
2013-07-04 11:12:00,8280,8280,8278,8280,14,95122,1157520.0,OI1401
2013-07-04 11:13:00,8280,8280,8278,8278,10,95114,826800.0,OI1401
2013-07-04 11:14:00,8278,8282,8278,8280,22,95112,1818960.0,OI1401
2013-07-04 11:15:00,8282,8284,8280,8284,86,95072,7111600.0,OI1401
2013-07-04 11:16:00,8282,8282,8282,8282,24,95056,1984800.0,OI1401
2013-07-04 11:17:00,8282,8282,8282,8282,34,95042,2811800.0,OI1401
2013-07-04 11:18:00,8282,8282,8282,8282,8,95048,661600.0,OI1401
2013-07-04 11:19:00,8280,8280,8274,8276,92,94988,7608400.0,OI1401
2013-07-04 11:20:00,8278,8280,8278,8280,70,94968,5789000.0,OI1401
2013-07-04 11:21:00,8280,8280,8276,8276,34,94938,2811800.0,OI1401
2013-07-04 11:22:00,8276,8276,8274,8276,46,94914,3804200.0,OI1401
2013-07-04 11:23:00,8278,8278,8276,8276,12,94910,992400.0,OI1401
2013-07-04 11:24:00,8276,8278,8274,8274,88,94866,7277600.0,OI1401
2013-07-04 11:25:00,8274,8278,8274,8278,42,94848,3473400.0,OI1401
2013-07-04 11:26:00,8276,8276,8276,8276,16,94838,1323200.0,OI1401
2013-07-04 11:27:00,8276,8278,8276,8278,42,94814,3473400.0,OI1401
2013-07-04 11:28:00,8278,8280,8276,8278,44,94808,3638800.0,OI1401
2013-07-04 11:29:00,8278,8282,8276,8280,90,94746,7443000.0,OI1401
2013-07-04 13:30:00,8280,8286,8278,8282,388,94956,32087600.0,OI1401
2013-07-04 13:31:00,8282,8286,8282,8286,192,95118,15878400.0,OI1401
2013-07-04 13:32:00,8286,8286,8284,8284,186,95224,15382200.0,OI1401
2013-07-04 13:33:00,8284,8286,8282,8282,294,95462,24313800.0,OI1401
2013-07-04 13:34:00,8282,8284,8282,8282,48,95438,3969600.0,OI1401
2013-07-04 13:35:00,8282,8284,8282,8284,302,95192,24975400.0,OI1401
2013-07-04 13:36:00,8284,8288,8284,8288,406,95060,33576200.0,OI1401
2013-07-04 13:37:00,8288,8290,8286,8286,228,95052,18855600.0,OI1401
2013-07-04 13:38:00,8286,8288,8286,8288,68,95020,5623600.0,OI1401
2013-07-04 13:39:00,8286,8288,8286,8286,126,94946,10420200.0,OI1401
2013-07-04 13:40:00,8286,8288,8286,8288,42,94954,3473400.0,OI1401
2013-07-04 13:41:00,8288,8288,8286,8288,14,94950,1157800.0,OI1401
2013-07-04 13:42:00,8288,8290,8286,8286,114,94918,9427800.0,OI1401
2013-07-04 13:43:00,8288,8288,8286,8286,100,94960,8270000.0,OI1401
2013-07-04 13:44:00,8286,8288,8284,8286,62,94950,5127400.0,OI1401
2013-07-04 13:45:00,8284,8286,8284,8284,14,94952,1157800.0,OI1401
2013-07-04 13:46:00,8284,8284,8280,8280,74,94974,6119800.0,OI1401
2013-07-04 13:47:00,8278,8282,8278,8280,92,94940,7608400.0,OI1401
2013-07-04 13:48:00,8282,8282,8280,8280,230,95062,19021000.0,OI1401
2013-07-04 13:49:00,8280,8280,8272,8274,208,94964,17201600.0,OI1401
2013-07-04 13:50:00,8274,8276,8274,8276,82,94906,6781400.0,OI1401
2013-07-04 13:51:00,8274,8276,8274,8276,58,94914,4796600.0,OI1401
2013-07-04 13:52:00,8276,8276,8268,8268,196,94986,16209200.0,OI1401
2013-07-04 13:53:00,8270,8270,8266,8268,330,95114,27291000.0,OI1401
2013-07-04 13:54:00,8270,8270,8266,8266,116,95160,9593200.0,OI1401
2013-07-04 13:55:00,8266,8268,8266,8268,112,95174,9262400.0,OI1401
2013-07-04 13:56:00,8268,8270,8268,8270,386,95204,31922200.0,OI1401
2013-07-04 13:57:00,8270,8272,8270,8272,56,95204,4631200.0,OI1401
2013-07-04 13:58:00,8270,8272,8268,8272,56,95218,4631200.0,OI1401
2013-07-04 13:59:00,8272,8272,8270,8270,104,95184,8600800.0,OI1401
2013-07-04 14:00:00,8270,8270,8266,8268,162,95190,13397400.0,OI1401
2013-07-04 14:01:00,8266,8270,8266,8266,62,95232,5127400.0,OI1401
2013-07-04 14:02:00,8266,8266,8256,8258,434,95348,35891800.0,OI1401
2013-07-04 14:03:00,8258,8260,8252,8260,362,95412,29937400.0,OI1401
2013-07-04 14:04:00,8260,8260,8258,8258,124,95432,10254800.0,OI1401
2013-07-04 14:05:00,8258,8260,8256,8260,90,95476,7443000.0,OI1401
2013-07-04 14:06:00,8260,8260,8258,8260,154,95568,12735800.0,OI1401
2013-07-04 14:07:00,8262,8268,8262,8264,136,95512,11247200.0,OI1401
2013-07-04 14:08:00,8264,8266,8264,8266,26,95500,2150200.0,OI1401
2013-07-04 14:09:00,8264,8264,8262,8264,30,95498,2481000.0,OI1401
2013-07-04 14:10:00,8264,8264,8262,8262,80,95430,6616000.0,OI1401
2013-07-04 14:11:00,8262,8264,8262,8262,60,95398,4962000.0,OI1401
2013-07-04 14:12:00,8264,8264,8260,8262,104,95370,8600800.0,OI1401
2013-07-04 14:13:00,8260,8260,8258,8258,94,95410,7773800.0,OI1401
2013-07-04 14:14:00,8260,8262,8260,8262,64,95408,5292800.0,OI1401
2013-07-04 14:15:00,8262,8264,8262,8262,30,95408,2481000.0,OI1401
2013-07-04 14:16:00,8262,8266,8262,8266,80,95420,6616000.0,OI1401
2013-07-04 14:17:00,8266,8266,8262,8262,216,95550,17863200.0,OI1401
2013-07-04 14:18:00,8262,8262,8262,8262,48,95570,3969600.0,OI1401
2013-07-04 14:19:00,8262,8262,8262,8262,22,95574,1819400.0,OI1401
2013-07-04 14:20:00,8262,8264,8262,8264,8,95572,661600.0,OI1401
2013-07-04 14:21:00,8264,8266,8264,8264,54,95530,4465800.0,OI1401
2013-07-04 14:22:00,8266,8268,8266,8268,60,95512,4962000.0,OI1401
2013-07-04 14:23:00,8268,8268,8266,8268,22,95508,1819400.0,OI1401
2013-07-04 14:24:00,8268,8270,8266,8268,36,95484,2977200.0,OI1401
2013-07-04 14:25:00,8268,8270,8268,8268,50,95440,4135000.0,OI1401
2013-07-04 14:26:00,8268,8270,8268,8270,44,95428,3638800.0,OI1401
2013-07-04 14:27:00,8268,8268,8268,8268,16,95432,1323200.0,OI1401
2013-07-04 14:28:00,8266,8268,8266,8268,40,95422,3308000.0,OI1401
2013-07-04 14:29:00,8268,8268,8266,8266,12,95422,992400.0,OI1401
2013-07-04 14:30:00,8266,8266,8266,8266,88,95484,7277600.0,OI1401
2013-07-04 14:31:00,8266,8266,8264,8264,84,95428,6946800.0,OI1401
2013-07-04 14:32:00,8264,8266,8264,8264,26,95420,2150200.0,OI1401
2013-07-04 14:33:00,8266,8268,8264,8268,36,95410,2977200.0,OI1401
2013-07-04 14:34:00,8266,8266,8266,8266,50,95402,4135000.0,OI1401
2013-07-04 14:35:00,8266,8266,8264,8264,8,95398,661600.0,OI1401
2013-07-04 14:36:00,8264,8266,8264,8264,32,95388,2646400.0,OI1401
2013-07-04 14:37:00,8266,8266,8264,8264,16,95386,1323200.0,OI1401
2013-07-04 14:38:00,8264,8264,8264,8264,4,95386,330800.0,OI1401
2013-07-04 14:39:00,8264,8266,8262,8264,102,95320,8435400.0,OI1401
2013-07-04 14:40:00,8264,8264,8258,8258,314,95402,25967800.0,OI1401
2013-07-04 14:41:00,8260,8260,8258,8260,558,95410,46146600.0,OI1401
2013-07-04 14:42:00,8260,8262,8258,8258,258,95596,21336600.0,OI1401
2013-07-04 14:43:00,8258,8258,8256,8256,204,95672,16870800.0,OI1401
2013-07-04 14:44:00,8256,8258,8254,8254,1070,96390,88489000.0,OI1401
2013-07-04 14:45:00,8254,8258,8252,8254,176,96398,14555200.0,OI1401
2013-07-04 14:46:00,8252,8254,8250,8252,604,96492,49950800.0,OI1401
2013-07-04 14:47:00,8252,8254,8248,8250,386,96520,31915440.0,OI1401
2013-07-04 14:48:00,8250,8250,8246,8248,250,96676,20670000.0,OI1401
2013-07-04 14:49:00,8246,8246,8240,8242,530,96862,43820400.0,OI1401
2013-07-04 14:50:00,8242,8246,8240,8244,262,96976,21662160.0,OI1401
2013-07-04 14:51:00,8244,8250,8244,8250,190,96920,15709200.0,OI1401
2013-07-04 14:52:00,8250,8254,8250,8252,162,96918,13394160.0,OI1401
2013-07-04 14:53:00,8252,8256,8250,8256,88,96880,7275840.0,OI1401
2013-07-04 14:54:00,8256,8258,8254,8254,68,96860,5622240.0,OI1401
2013-07-04 14:55:00,8254,8256,8254,8254,104,96880,8598720.0,OI1401
2013-07-04 14:56:00,8256,8256,8254,8256,220,96958,18189600.0,OI1401
2013-07-04 14:57:00,8256,8260,8256,8260,270,96984,22323600.0,OI1401
2013-07-04 14:58:00,8258,8260,8256,8260,214,96900,17693520.0,OI1401
2013-07-04 14:59:00,8260,8262,8258,8262,530,96592,43820400.0,OI1401
2013-07-05 09:00:00,8260,8260,8244,8248,472,96686,38942920.0,OI1401
2013-07-05 09:01:00,8250,8250,8236,8246,624,96946,51460480.0,OI1401
2013-07-05 09:02:00,8246,8264,8244,8264,504,97062,41561680.0,OI1401
2013-07-05 09:03:00,8260,8264,8254,8256,428,97338,35306200.0,OI1401
2013-07-05 09:04:00,8256,8258,8246,8250,294,97498,24255000.0,OI1401
2013-07-05 09:05:00,8250,8250,8238,8240,294,97568,24255000.0,OI1401
2013-07-05 09:06:00,8246,8246,8226,8226,976,98076,80499480.0,OI1401
2013-07-05 09:07:00,8226,8230,8214,8214,1210,98520,99733000.0,OI1401
2013-07-05 09:08:00,8212,8216,8200,8202,1636,99350,134730280.0,OI1401
2013-07-05 09:09:00,8202,8210,8192,8194,1746,99940,143661360.0,OI1401
2013-07-05 09:10:00,8196,8204,8196,8200,884,100124,72698000.0,OI1401
2013-07-05 09:11:00,8200,8204,8198,8198,482,100252,39630040.0,OI1401
2013-07-05 09:12:00,8202,8210,8200,8200,680,100416,55904600.0,OI1401
2013-07-05 09:13:00,8202,8202,8196,8198,358,100616,29427600.0,OI1401
2013-07-05 09:14:00,8198,8202,8196,8200,454,100704,37318800.0,OI1401
2013-07-05 09:15:00,8200,8204,8198,8202,562,100958,46186160.0,OI1401
2013-07-05 09:16:00,8202,8202,8196,8198,156,100966,12820080.0,OI1401
2013-07-05 09:17:00,8196,8198,8180,8190,1140,101286,93671600.0,OI1401
2013-07-05 09:18:00,8190,8198,8186,8190,492,101454,40417240.0,OI1401
2013-07-05 09:19:00,8190,8194,8188,8194,176,101362,14456640.0,OI1401
2013-07-05 09:20:00,8194,8214,8192,8210,816,101440,67026240.0,OI1401
2013-07-05 09:21:00,8212,8214,8206,8206,728,101488,59797920.0,OI1401
2013-07-05 09:22:00,8206,8210,8202,8208,286,101538,23492040.0,OI1401
2013-07-05 09:23:00,8208,8210,8206,8208,244,101510,20042160.0,OI1401
2013-07-05 09:24:00,8208,8210,8206,8208,156,101506,12813840.0,OI1401
2013-07-05 09:25:00,8208,8210,8206,8206,142,101488,11663880.0,OI1401
2013-07-05 09:26:00,8208,8208,8206,8208,70,101466,5749800.0,OI1401
2013-07-05 09:27:00,8208,8208,8206,8206,126,101510,10349640.0,OI1401
2013-07-05 09:28:00,8206,8208,8202,8202,428,101452,35149640.0,OI1401
2013-07-05 09:29:00,8202,8202,8198,8198,486,101502,39910320.0,OI1401
2013-07-05 09:30:00,8196,8200,8196,8200,158,101598,12974960.0,OI1401
2013-07-05 09:31:00,8200,8200,8196,8200,198,101632,16259760.0,OI1401
2013-07-05 09:32:00,8198,8198,8196,8198,96,101648,7883520.0,OI1401
2013-07-05 09:33:00,8198,8202,8198,8200,104,101636,8540480.0,OI1401
2013-07-05 09:34:00,8202,8206,8200,8204,106,101594,8704720.0,OI1401
2013-07-05 09:35:00,8204,8206,8202,8204,62,101570,5091440.0,OI1401
2013-07-05 09:36:00,8204,8206,8202,8206,56,101566,4598720.0,OI1401
2013-07-05 09:37:00,8206,8206,8204,8204,224,101478,18394880.0,OI1401
2013-07-05 09:38:00,8206,8208,8206,8208,62,101440,5091440.0,OI1401
2013-07-05 09:39:00,8208,8214,8208,8212,448,101374,36789760.0,OI1401
2013-07-05 09:40:00,8212,8212,8206,8206,102,101364,8376240.0,OI1401
2013-07-05 09:41:00,8206,8212,8206,8212,144,101328,11825280.0,OI1401
2013-07-05 09:42:00,8212,8216,8210,8214,336,101172,27592320.0,OI1401
2013-07-05 09:43:00,8214,8218,8212,8212,376,101112,30877120.0,OI1401
2013-07-05 09:44:00,8210,8212,8210,8212,40,101076,3284800.0,OI1401
2013-07-05 09:45:00,8210,8212,8206,8208,160,101102,13139200.0,OI1401
2013-07-05 09:46:00,8206,8208,8204,8206,86,101076,7062320.0,OI1401
2013-07-05 09:47:00,8206,8206,8200,8200,214,101060,17573680.0,OI1401
2013-07-05 09:48:00,8200,8206,8200,8206,160,101084,13139200.0,OI1401
2013-07-05 09:49:00,8204,8206,8202,8206,100,101110,8212000.0,OI1401
2013-07-05 09:50:00,8204,8206,8202,8202,46,101126,3777520.0,OI1401
2013-07-05 09:51:00,8202,8204,8200,8202,66,101164,5419920.0,OI1401
2013-07-05 09:52:00,8202,8202,8198,8198,394,101348,32355280.0,OI1401
2013-07-05 09:53:00,8202,8202,8198,8200,96,101364,7883520.0,OI1401
2013-07-05 09:54:00,8200,8202,8198,8198,134,101402,11004080.0,OI1401
2013-07-05 09:55:00,8200,8202,8198,8200,188,101534,15438560.0,OI1401
2013-07-05 09:56:00,8202,8204,8200,8204,166,101624,13631920.0,OI1401
2013-07-05 09:57:00,8204,8206,8204,8204,140,101616,11496800.0,OI1401
2013-07-05 09:58:00,8204,8204,8204,8204,28,101618,2299360.0,OI1401
2013-07-05 09:59:00,8204,8204,8204,8204,52,101650,4270240.0,OI1401
2013-07-05 10:00:00,8202,8202,8200,8202,68,101654,5584160.0,OI1401
2013-07-05 10:01:00,8202,8204,8200,8202,28,101646,2299360.0,OI1401
2013-07-05 10:02:00,8204,8204,8204,8204,12,101652,985440.0,OI1401
2013-07-05 10:03:00,8204,8204,8204,8204,18,101654,1478160.0,OI1401
2013-07-05 10:04:00,8202,8202,8202,8202,36,101668,2955960.0,OI1401
2013-07-05 10:05:00,8200,8200,8194,8196,268,101740,22002800.0,OI1401
2013-07-05 10:06:00,8196,8198,8194,8194,98,101790,8045800.0,OI1401
2013-07-05 10:07:00,8196,8196,8192,8192,466,101842,38258600.0,OI1401
2013-07-05 10:08:00,8192,8192,8188,8192,588,101988,48274800.0,OI1401
2013-07-05 10:09:00,8192,8198,8192,8196,222,101988,18226200.0,OI1401
2013-07-05 10:10:00,8196,8198,8196,8198,50,101976,4105000.0,OI1401
2013-07-05 10:11:00,8198,8198,8196,8198,128,101990,10508800.0,OI1401
2013-07-05 10:12:00,8198,8198,8196,8196,12,102000,985200.0,OI1401
2013-07-05 10:13:00,8196,8198,8194,8194,148,102030,12150800.0,OI1401
2013-07-05 10:14:00,8194,8198,8194,8196,68,102024,5582800.0,OI1401
2013-07-05 10:30:00,8198,8200,8194,8196,66,102040,5418600.0,OI1401
2013-07-05 10:31:00,8196,8198,8196,8198,46,102050,3776600.0,OI1401
2013-07-05 10:32:00,8200,8206,8200,8202,346,102078,28406600.0,OI1401
2013-07-05 10:33:00,8204,8208,8204,8206,182,102042,14942200.0,OI1401
2013-07-05 10:34:00,8206,8206,8204,8204,78,102028,6403800.0,OI1401
2013-07-05 10:35:00,8204,8204,8202,8202,92,101990,7553200.0,OI1401
2013-07-05 10:36:00,8202,8202,8202,8202,26,101982,2134600.0,OI1401
2013-07-05 10:37:00,8202,8202,8200,8200,102,101956,8374200.0,OI1401
2013-07-05 10:38:00,8198,8198,8194,8194,158,101960,12971800.0,OI1401
2013-07-05 10:39:00,8194,8198,8194,8198,58,101984,4761800.0,OI1401
2013-07-05 10:40:00,8198,8200,8196,8198,80,101964,6568000.0,OI1401
2013-07-05 10:41:00,8200,8200,8198,8200,32,101964,2627200.0,OI1401
2013-07-05 10:42:00,8200,8200,8200,8200,26,101962,2134600.0,OI1401
2013-07-05 10:43:00,8202,8204,8200,8202,54,101934,4433400.0,OI1401
2013-07-05 10:44:00,8202,8202,8200,8200,144,101970,11822400.0,OI1401
2013-07-05 10:45:00,8202,8204,8200,8200,116,101892,9523600.0,OI1401
2013-07-05 10:46:00,8200,8200,8196,8198,66,101890,5418600.0,OI1401
2013-07-05 10:47:00,8198,8198,8194,8196,194,101906,15923960.0,OI1401
2013-07-05 10:48:00,8194,8196,8194,8196,116,101906,9521280.0,OI1401
2013-07-05 10:49:00,8196,8200,8196,8200,26,101910,2134080.0,OI1401
2013-07-05 10:50:00,8200,8200,8198,8200,46,101892,3775680.0,OI1401
2013-07-05 10:51:00,8200,8200,8196,8198,46,101876,3775680.0,OI1401
2013-07-05 10:52:00,8198,8198,8196,8196,62,101846,5088960.0,OI1401
2013-07-05 10:53:00,8196,8198,8196,8198,26,101862,2134080.0,OI1401
2013-07-05 10:54:00,8198,8198,8196,8196,36,101850,2954880.0,OI1401
2013-07-05 10:55:00,8198,8198,8198,8198,18,101850,1477440.0,OI1401
2013-07-05 10:56:00,8198,8198,8196,8196,28,101844,2298240.0,OI1401
2013-07-05 10:57:00,8198,8198,8196,8196,30,101844,2462400.0,OI1401
2013-07-05 10:58:00,8198,8198,8198,8198,16,101844,1313280.0,OI1401
2013-07-05 10:59:00,8198,8198,8198,8198,10,101844,820800.0,OI1401
2013-07-05 11:00:00,8196,8204,8196,8202,234,101808,19206720.0,OI1401
2013-07-05 11:01:00,8202,8202,8200,8200,122,101774,10013760.0,OI1401
2013-07-05 11:02:00,8200,8200,8198,8200,44,101786,3611520.0,OI1401
2013-07-05 11:03:00,8198,8200,8198,8198,46,101774,3775680.0,OI1401
2013-07-05 11:04:00,8196,8198,8196,8196,166,101768,13625280.0,OI1401
2013-07-05 11:05:00,8196,8196,8194,8196,98,101812,8043840.0,OI1401
2013-07-05 11:06:00,8196,8196,8194,8196,44,101814,3611520.0,OI1401
2013-07-05 11:07:00,8196,8196,8194,8194,26,101816,2134080.0,OI1401
2013-07-05 11:08:00,8196,8202,8196,8202,100,101780,8208000.0,OI1401
2013-07-05 11:09:00,8200,8202,8200,8200,12,101774,984960.0,OI1401
2013-07-05 11:10:00,8198,8200,8198,8200,14,101766,1149120.0,OI1401
2013-07-05 11:11:00,8200,8200,8200,8200,12,101766,984960.0,OI1401
2013-07-05 11:12:00,8200,8200,8200,8200,10,101758,820800.0,OI1401
2013-07-05 11:13:00,8200,8200,8200,8200,60,101716,4924800.0,OI1401
2013-07-05 11:14:00,8198,8202,8198,8202,36,101716,2954880.0,OI1401
2013-07-05 11:15:00,8200,8200,8196,8198,132,101610,10834560.0,OI1401
2013-07-05 11:16:00,8198,8198,8196,8196,58,101594,4760640.0,OI1401
2013-07-05 11:17:00,8198,8198,8196,8196,138,101562,11327040.0,OI1401
2013-07-05 11:18:00,8196,8200,8196,8200,56,101546,4596480.0,OI1401
2013-07-05 11:19:00,8200,8200,8198,8200,8,101544,656640.0,OI1401
2013-07-05 11:20:00,8198,8200,8198,8198,24,101538,1969920.0,OI1401
2013-07-05 11:21:00,8200,8200,8198,8198,6,101542,492480.0,OI1401
2013-07-05 11:22:00,8200,8204,8200,8204,142,101594,11655360.0,OI1401
2013-07-05 11:23:00,8202,8204,8202,8202,56,101558,4596480.0,OI1401
2013-07-05 11:24:00,8202,8204,8202,8202,56,101524,4596480.0,OI1401
2013-07-05 11:25:00,8202,8202,8200,8202,34,101500,2790720.0,OI1401
2013-07-05 11:26:00,8204,8204,8202,8204,36,101480,2954880.0,OI1401
2013-07-05 11:27:00,8204,8204,8202,8204,22,101492,1805760.0,OI1401
2013-07-05 11:28:00,8202,8202,8202,8202,36,101482,2954880.0,OI1401
2013-07-05 11:29:00,8202,8202,8200,8202,96,101422,7879680.0,OI1401
2013-07-05 13:30:00,8204,8206,8200,8204,226,101488,18550080.0,OI1401
2013-07-05 13:31:00,8206,8206,8198,8198,120,101488,9849600.0,OI1401
2013-07-05 13:32:00,8198,8202,8196,8198,176,101388,14446080.0,OI1401
2013-07-05 13:33:00,8198,8200,8198,8198,74,101380,6073920.0,OI1401
2013-07-05 13:34:00,8198,8198,8196,8198,44,101388,3611520.0,OI1401
2013-07-05 13:35:00,8198,8198,8198,8198,10,101388,820800.0,OI1401
2013-07-05 13:36:00,8198,8198,8198,8198,42,101362,3447360.0,OI1401
2013-07-05 13:37:00,8198,8200,8198,8198,34,101332,2790720.0,OI1401
2013-07-05 13:38:00,8198,8200,8198,8200,34,101308,2790720.0,OI1401
2013-07-05 13:39:00,8200,8202,8200,8200,78,101312,6402240.0,OI1401
2013-07-05 13:40:00,8200,8200,8200,8200,26,101316,2134080.0,OI1401
2013-07-05 13:41:00,8198,8198,8196,8196,62,101286,5088960.0,OI1401
2013-07-05 13:42:00,8196,8196,8194,8196,124,101264,10177920.0,OI1401
2013-07-05 13:43:00,8196,8198,8194,8198,84,101272,6894720.0,OI1401
2013-07-05 13:44:00,8196,8198,8196,8196,66,101248,5417280.0,OI1401
2013-07-05 13:45:00,8196,8198,8196,8198,102,101206,8372160.0,OI1401
2013-07-05 13:46:00,8198,8198,8198,8198,30,101218,2462400.0,OI1401
2013-07-05 13:47:00,8200,8204,8200,8204,128,101192,10506240.0,OI1401
2013-07-05 13:48:00,8204,8216,8204,8208,382,101042,31354560.0,OI1401
2013-07-05 13:49:00,8208,8216,8208,8210,264,101024,21669120.0,OI1401
2013-07-05 13:50:00,8208,8212,8208,8210,162,100974,13296960.0,OI1401
2013-07-05 13:51:00,8212,8212,8206,8206,192,100922,15759360.0,OI1401
2013-07-05 13:52:00,8206,8208,8204,8204,106,100940,8700480.0,OI1401
2013-07-05 13:53:00,8204,8206,8204,8206,38,100940,3119040.0,OI1401
2013-07-05 13:54:00,8208,8208,8206,8208,62,100954,5088960.0,OI1401
2013-07-05 13:55:00,8208,8210,8208,8208,146,101018,11983680.0,OI1401
2013-07-05 13:56:00,8208,8210,8208,8208,46,100978,3775680.0,OI1401
2013-07-05 13:57:00,8208,8210,8208,8208,72,100996,5909760.0,OI1401
2013-07-05 13:58:00,8208,8208,8208,8208,34,101012,2790720.0,OI1401
2013-07-05 13:59:00,8208,8208,8208,8208,6,101016,492480.0,OI1401
2013-07-05 14:00:00,8206,8208,8206,8208,86,101016,7058880.0,OI1401
2013-07-05 14:01:00,8206,8210,8206,8210,72,101006,5909760.0,OI1401
2013-07-05 14:02:00,8210,8214,8210,8214,212,100934,17400960.0,OI1401
2013-07-05 14:03:00,8212,8216,8212,8216,166,100876,13625280.0,OI1401
2013-07-05 14:04:00,8216,8216,8212,8212,188,100786,15431040.0,OI1401
2013-07-05 14:05:00,8212,8212,8210,8210,58,100764,4760640.0,OI1401
2013-07-05 14:06:00,8210,8216,8210,8214,70,100728,5745600.0,OI1401
2013-07-05 14:07:00,8216,8216,8214,8216,48,100724,3939840.0,OI1401
2013-07-05 14:08:00,8216,8216,8214,8216,100,100696,8208000.0,OI1401
2013-07-05 14:09:00,8216,8216,8214,8214,38,100702,3119040.0,OI1401
2013-07-05 14:10:00,8214,8216,8214,8214,50,100670,4104000.0,OI1401
2013-07-05 14:11:00,8214,8214,8214,8214,18,100674,1477440.0,OI1401
2013-07-05 14:12:00,8212,8216,8212,8216,88,100652,7223040.0,OI1401
2013-07-05 14:13:00,8216,8218,8214,8216,68,100650,5581440.0,OI1401
2013-07-05 14:14:00,8216,8224,8216,8220,464,100440,38085120.0,OI1401
2013-07-05 14:15:00,8220,8226,8220,8226,242,100430,19863360.0,OI1401
2013-07-05 14:16:00,8226,8226,8220,8222,150,100388,12312000.0,OI1401
2013-07-05 14:17:00,8220,8228,8220,8226,282,100246,23146560.0,OI1401
2013-07-05 14:18:00,8226,8226,8222,8224,208,100190,17072640.0,OI1401
2013-07-05 14:19:00,8224,8224,8222,8224,178,100144,14610240.0,OI1401
2013-07-05 14:20:00,8224,8228,8222,8228,180,100178,14774400.0,OI1401
2013-07-05 14:21:00,8226,8232,8226,8228,428,100086,35135160.0,OI1401
2013-07-05 14:22:00,8226,8228,8226,8228,202,100038,16584200.0,OI1401
2013-07-05 14:23:00,8228,8228,8220,8220,314,100080,25779400.0,OI1401
2013-07-05 14:24:00,8218,8220,8212,8212,308,100024,25286800.0,OI1401
2013-07-05 14:25:00,8212,8216,8210,8216,218,100134,17897800.0,OI1401
2013-07-05 14:26:00,8218,8220,8216,8218,78,100118,6403800.0,OI1401
2013-07-05 14:27:00,8216,8220,8216,8216,76,100128,6239600.0,OI1401
2013-07-05 14:28:00,8218,8218,8214,8214,60,100080,4926000.0,OI1401
2013-07-05 14:29:00,8216,8216,8214,8216,38,100084,3119800.0,OI1401
2013-07-05 14:30:00,8218,8218,8214,8214,20,100090,1642000.0,OI1401
2013-07-05 14:31:00,8216,8216,8216,8216,14,100084,1149400.0,OI1401
2013-07-05 14:32:00,8218,8218,8216,8216,32,100074,2627200.0,OI1401
2013-07-05 14:33:00,8216,8218,8216,8218,86,100066,7060600.0,OI1401
2013-07-05 14:34:00,8218,8220,8216,8220,110,100096,9031000.0,OI1401
2013-07-05 14:35:00,8220,8222,8220,8220,112,100028,9195200.0,OI1401
2013-07-05 14:36:00,8222,8222,8222,8222,46,99988,3776600.0,OI1401
2013-07-05 14:37:00,8222,8226,8222,8224,176,99908,14449600.0,OI1401
2013-07-05 14:38:00,8224,8228,8224,8224,134,99874,11001400.0,OI1401
2013-07-05 14:39:00,8226,8226,8220,8222,30,99874,2463000.0,OI1401
2013-07-05 14:40:00,8222,8222,8216,8220,148,99796,12150800.0,OI1401
2013-07-05 14:41:00,8220,8220,8220,8220,6,99790,492600.0,OI1401
2013-07-05 14:42:00,8222,8222,8220,8220,16,99788,1313600.0,OI1401
2013-07-05 14:43:00,8220,8224,8220,8224,70,99796,5747000.0,OI1401
2013-07-05 14:44:00,8224,8226,8224,8226,110,99732,9031000.0,OI1401
2013-07-05 14:45:00,8226,8230,8226,8228,330,99634,27093000.0,OI1401
2013-07-05 14:46:00,8230,8230,8224,8224,112,99576,9195200.0,OI1401
2013-07-05 14:47:00,8226,8226,8224,8226,50,99572,4105000.0,OI1401
2013-07-05 14:48:00,8226,8232,8226,8230,138,99474,11329800.0,OI1401
2013-07-05 14:49:00,8230,8234,8226,8228,234,99402,19211400.0,OI1401
2013-07-05 14:50:00,8226,8228,8226,8228,52,99374,4269200.0,OI1401
2013-07-05 14:51:00,8228,8228,8226,8226,128,99282,10508800.0,OI1401
2013-07-05 14:52:00,8226,8226,8226,8226,80,99248,6568000.0,OI1401
2013-07-05 14:53:00,8228,8228,8224,8224,74,99212,6075400.0,OI1401
2013-07-05 14:54:00,8224,8228,8224,8226,170,99164,13957000.0,OI1401
2013-07-05 14:55:00,8226,8228,8226,8228,122,99092,10016200.0,OI1401
2013-07-05 14:56:00,8228,8232,8228,8228,142,99018,11658200.0,OI1401
2013-07-05 14:57:00,8228,8228,8224,8226,274,98836,22495400.0,OI1401
2013-07-05 14:58:00,8226,8230,8226,8230,174,98768,14285400.0,OI1401
2013-07-05 14:59:00,8228,8234,8228,8234,528,98416,43355680.0,OI1401
2013-07-08 09:00:00,8242,8252,8242,8244,514,98292,42394720.0,OI1401
2013-07-08 09:01:00,8244,8246,8240,8244,184,98302,15162360.0,OI1401
2013-07-08 09:02:00,8244,8248,8242,8242,166,98290,13688360.0,OI1401
2013-07-08 09:03:00,8242,8244,8240,8244,128,98264,10554880.0,OI1401
2013-07-08 09:04:00,8244,8248,8234,8234,346,98242,28531160.0,OI1401
2013-07-08 09:05:00,8234,8234,8216,8232,576,98180,47382120.0,OI1401
2013-07-08 09:06:00,8230,8232,8226,8230,224,98150,18414840.0,OI1401
2013-07-08 09:07:00,8230,8240,8230,8238,94,98134,7743720.0,OI1401
2013-07-08 09:08:00,8240,8240,8230,8232,140,98166,11533200.0,OI1401
2013-07-08 09:09:00,8232,8234,8232,8232,88,98150,7249440.0,OI1401
2013-07-08 09:10:00,8232,8234,8232,8234,18,98146,1482840.0,OI1401
2013-07-08 09:11:00,8234,8240,8234,8236,98,98134,8073240.0,OI1401
2013-07-08 09:12:00,8236,8276,8236,8270,570,98156,47082440.0,OI1401
2013-07-08 09:13:00,8268,8276,8266,8268,770,98156,63698360.0,OI1401
2013-07-08 09:14:00,8268,8272,8266,8266,294,98076,24249120.0,OI1401
2013-07-08 09:15:00,8268,8270,8266,8270,284,97942,23514200.0,OI1401
2013-07-08 09:16:00,8270,8280,8270,8274,814,97904,67367320.0,OI1401
2013-07-08 09:17:00,8274,8274,8264,8266,254,97812,20965160.0,OI1401
2013-07-08 09:18:00,8266,8268,8266,8266,160,97830,13320840.0,OI1401
2013-07-08 09:19:00,8266,8270,8266,8270,88,97810,7265280.0,OI1401
2013-07-08 09:20:00,8268,8268,8262,8268,260,97788,21465600.0,OI1401
2013-07-08 09:21:00,8268,8268,8266,8266,42,97786,3467520.0,OI1401
2013-07-08 09:22:00,8266,8266,8264,8264,18,97782,1486080.0,OI1401
2013-07-08 09:23:00,8264,8268,8264,8266,66,97766,5448960.0,OI1401
2013-07-08 09:24:00,8266,8266,8266,8266,22,97766,1816320.0,OI1401
2013-07-08 09:25:00,8266,8268,8266,8266,32,97770,2641920.0,OI1401
2013-07-08 09:26:00,8266,8266,8258,8260,410,97582,33849600.0,OI1401
2013-07-08 09:27:00,8260,8260,8242,8248,576,97524,47554560.0,OI1401
2013-07-08 09:28:00,8246,8250,8246,8250,138,97532,11393280.0,OI1401
2013-07-08 09:29:00,8248,8250,8242,8242,214,97564,17667840.0,OI1401
2013-07-08 09:30:00,8242,8244,8236,8238,208,97544,17172480.0,OI1401
2013-07-08 09:31:00,8238,8242,8232,8240,202,97642,16517160.0,OI1401
2013-07-08 09:32:00,8238,8238,8234,8236,202,97650,16673080.0,OI1401
2013-07-08 09:33:00,8234,8240,8234,8236,134,97614,11060360.0,OI1401
2013-07-08 09:34:00,8236,8236,8234,8234,106,97628,8749240.0,OI1401
2013-07-08 09:35:00,8234,8236,8228,8236,238,97562,19644520.0,OI1401
2013-07-08 09:36:00,8236,8238,8234,8238,122,97554,9893880.0,OI1401
2013-07-08 09:37:00,8238,8238,8236,8236,148,97524,12212960.0,OI1401
2013-07-08 09:38:00,8234,8238,8232,8236,66,97530,5446320.0,OI1401
2013-07-08 09:39:00,8238,8238,8236,8238,140,97446,11552800.0,OI1401
2013-07-08 09:40:00,8236,8242,8236,8242,130,97462,10727600.0,OI1401
2013-07-08 09:41:00,8240,8244,8240,8244,94,97452,7756880.0,OI1401
2013-07-08 09:42:00,8244,8244,8240,8240,100,97412,8252000.0,OI1401
2013-07-08 09:43:00,8242,8244,8240,8244,230,97538,18979600.0,OI1401
2013-07-08 09:44:00,8244,8246,8244,8246,222,97568,18319440.0,OI1401
2013-07-08 09:45:00,8246,8246,8242,8244,108,97608,8912160.0,OI1401
2013-07-08 09:46:00,8244,8246,8244,8244,74,97630,6106480.0,OI1401
2013-07-08 09:47:00,8244,8244,8244,8244,32,97644,2640640.0,OI1401
2013-07-08 09:48:00,8244,8244,8244,8244,48,97608,3960960.0,OI1401
2013-07-08 09:49:00,8244,8244,8242,8244,212,97702,17494240.0,OI1401
2013-07-08 09:50:00,8244,8244,8240,8242,84,97734,6931680.0,OI1401
2013-07-08 09:51:00,8240,8242,8238,8242,338,97696,27675240.0,OI1401
2013-07-08 09:52:00,8242,8244,8242,8242,20,97684,1650000.0,OI1401
2013-07-08 09:53:00,8242,8244,8242,8242,16,97678,1320000.0,OI1401
2013-07-08 09:54:00,8242,8244,8242,8242,70,97664,5775000.0,OI1401
2013-07-08 09:55:00,8242,8242,8240,8240,92,97698,7590000.0,OI1401
2013-07-08 09:56:00,8240,8240,8238,8240,218,97708,17985000.0,OI1401
2013-07-08 09:57:00,8240,8244,8240,8244,62,97704,5115000.0,OI1401
2013-07-08 09:58:00,8244,8244,8244,8244,6,97704,495000.0,OI1401
2013-07-08 09:59:00,8244,8246,8242,8242,58,97730,4785000.0,OI1401
2013-07-08 10:00:00,8240,8242,8238,8238,132,97690,10890000.0,OI1401
2013-07-08 10:01:00,8238,8242,8238,8240,42,97670,3465000.0,OI1401
2013-07-08 10:02:00,8242,8246,8240,8246,114,97668,9405000.0,OI1401
2013-07-08 10:03:00,8244,8244,8242,8242,34,97662,2805000.0,OI1401
2013-07-08 10:04:00,8242,8246,8242,8244,86,97686,7095000.0,OI1401
2013-07-08 10:05:00,8244,8246,8244,8246,20,97680,1650000.0,OI1401
2013-07-08 10:06:00,8246,8246,8242,8242,68,97708,5610000.0,OI1401
2013-07-08 10:07:00,8244,8246,8242,8246,26,97724,2145000.0,OI1401
2013-07-08 10:08:00,8244,8246,8242,8244,16,97722,1320000.0,OI1401
2013-07-08 10:09:00,8246,8248,8244,8248,172,97754,14190000.0,OI1401
2013-07-08 10:10:00,8248,8254,8248,8254,104,97794,8580000.0,OI1401
2013-07-08 10:11:00,8252,8266,8252,8266,344,97896,28380000.0,OI1401
2013-07-08 10:12:00,8266,8268,8260,8266,396,97902,32670000.0,OI1401
2013-07-08 10:13:00,8266,8278,8266,8278,604,97996,50100520.0,OI1401
2013-07-08 10:14:00,8278,8280,8272,8274,518,98000,42745360.0,OI1401
2013-07-08 10:30:00,8274,8278,8266,8266,386,97948,32141320.0,OI1401
2013-07-08 10:31:00,8266,8272,8262,8272,156,97952,12876240.0,OI1401
2013-07-08 10:32:00,8272,8274,8270,8274,156,98072,12876240.0,OI1401
2013-07-08 10:33:00,8272,8274,8272,8272,108,98098,8914320.0,OI1401
2013-07-08 10:34:00,8272,8276,8272,8274,112,98132,9244480.0,OI1401
2013-07-08 10:35:00,8274,8274,8272,8272,88,98176,7263520.0,OI1401
2013-07-08 10:36:00,8272,8274,8272,8274,96,98190,7923840.0,OI1401
2013-07-08 10:37:00,8274,8274,8272,8272,100,98178,8254000.0,OI1401
2013-07-08 10:38:00,8272,8290,8272,8290,1034,98242,85671960.0,OI1401
2013-07-08 10:39:00,8290,8304,8288,8296,1560,98372,129507200.0,OI1401
2013-07-08 10:40:00,8298,8298,8294,8298,286,98402,23623600.0,OI1401
2013-07-08 10:41:00,8296,8300,8274,8278,1056,98336,87609240.0,OI1401
2013-07-08 10:42:00,8284,8286,8282,8284,268,98336,22142160.0,OI1401
2013-07-08 10:43:00,8284,8284,8278,8278,354,98270,29247480.0,OI1401
2013-07-08 10:44:00,8278,8280,8276,8278,320,98180,26840880.0,OI1401
2013-07-08 10:45:00,8278,8278,8272,8276,316,98118,26114240.0,OI1401
2013-07-08 10:46:00,8276,8278,8274,8278,210,98026,17354400.0,OI1401
2013-07-08 10:47:00,8278,8278,8274,8274,52,98032,4297280.0,OI1401
2013-07-08 10:48:00,8274,8276,8274,8274,30,98024,2479200.0,OI1401
2013-07-08 10:49:00,8274,8276,8272,8274,78,98074,6445920.0,OI1401
2013-07-08 10:50:00,8274,8276,8274,8276,84,98076,6941760.0,OI1401
2013-07-08 10:51:00,8276,8276,8272,8274,290,97994,23965600.0,OI1401
2013-07-08 10:52:00,8272,8272,8252,8254,1164,98070,96192960.0,OI1401
2013-07-08 10:53:00,8254,8258,8240,8250,726,98122,59996640.0,OI1401
2013-07-08 10:54:00,8250,8250,8244,8248,336,98082,27767040.0,OI1401
2013-07-08 10:55:00,8246,8250,8246,8250,324,98060,26300680.0,OI1401
2013-07-08 10:56:00,8250,8254,8248,8248,348,97984,28751760.0,OI1401
2013-07-08 10:57:00,8248,8250,8244,8246,332,97964,27429840.0,OI1401
2013-07-08 10:58:00,8244,8248,8244,8246,108,97966,8922960.0,OI1401
2013-07-08 10:59:00,8246,8248,8236,8238,550,97864,45441000.0,OI1401
2013-07-08 11:00:00,8238,8244,8238,8244,134,97842,11071080.0,OI1401
2013-07-08 11:01:00,8242,8242,8238,8240,130,97816,10740600.0,OI1401
2013-07-08 11:02:00,8242,8244,8242,8244,172,97888,14210640.0,OI1401
2013-07-08 11:03:00,8244,8244,8240,8244,74,97910,6113880.0,OI1401
2013-07-08 11:04:00,8244,8246,8238,8238,274,97842,22637880.0,OI1401
2013-07-08 11:05:00,8240,8244,8236,8242,190,97848,15697800.0,OI1401
2013-07-08 11:06:00,8240,8242,8238,8240,146,97812,12062520.0,OI1401
2013-07-08 11:07:00,8238,8240,8234,8238,444,97870,36675800.0,OI1401
2013-07-08 11:08:00,8236,8238,8228,8232,346,97932,28579600.0,OI1401
2013-07-08 11:09:00,8230,8232,8228,8228,240,97972,19824000.0,OI1401
2013-07-08 11:10:00,8228,8230,8222,8226,482,97864,39813200.0,OI1401
2013-07-08 11:11:00,8226,8230,8224,8228,176,97878,14537600.0,OI1401
2013-07-08 11:12:00,8228,8236,8228,8234,348,97842,28180240.0,OI1401
2013-07-08 11:13:00,8232,8236,8230,8232,272,97978,22461760.0,OI1401
2013-07-08 11:14:00,8232,8234,8228,8228,184,97966,15194720.0,OI1401
2013-07-08 11:15:00,8230,8232,8228,8230,118,97944,9744440.0,OI1401
2013-07-08 11:16:00,8232,8234,8230,8232,94,97964,7762520.0,OI1401
2013-07-08 11:17:00,8232,8236,8232,8236,112,98006,9248960.0,OI1401
2013-07-08 11:18:00,8236,8238,8232,8234,130,97958,10735400.0,OI1401
2013-07-08 11:19:00,8232,8234,8228,8230,130,97982,10735400.0,OI1401
2013-07-08 11:20:00,8230,8234,8230,8232,48,97996,3963840.0,OI1401
2013-07-08 11:21:00,8234,8234,8232,8234,60,98016,4954800.0,OI1401
2013-07-08 11:22:00,8236,8238,8234,8238,112,97968,9248960.0,OI1401
2013-07-08 11:23:00,8238,8238,8232,8234,116,97926,9579280.0,OI1401
2013-07-08 11:24:00,8230,8234,8228,8230,118,97962,9744440.0,OI1401
2013-07-08 11:25:00,8232,8236,8232,8236,84,97944,6936720.0,OI1401
2013-07-08 11:26:00,8236,8238,8234,8238,102,97920,8423160.0,OI1401
2013-07-08 11:27:00,8238,8238,8232,8232,164,97908,13543120.0,OI1401
2013-07-08 11:28:00,8232,8232,8226,8226,222,97784,18332760.0,OI1401
2013-07-08 11:29:00,8228,8228,8220,8222,372,97732,30106440.0,OI1401
2013-07-08 13:30:00,8216,8216,8204,8206,886,97998,73148160.0,OI1401
2013-07-08 13:31:00,8206,8208,8184,8184,1148,98322,94124880.0,OI1401
2013-07-08 13:32:00,8184,8196,8182,8192,676,98464,55129520.0,OI1401
2013-07-08 13:33:00,8194,8196,8192,8194,198,98494,16338960.0,OI1401
2013-07-08 13:34:00,8194,8196,8182,8188,566,98526,46023520.0,OI1401
2013-07-08 13:35:00,8188,8196,8184,8188,406,98526,33495000.0,OI1401
2013-07-08 13:36:00,8188,8194,8188,8192,228,98626,18810000.0,OI1401
2013-07-08 13:37:00,8192,8194,8190,8192,284,98638,23430000.0,OI1401
2013-07-08 13:38:00,8192,8198,8192,8198,248,98590,20456080.0,OI1401
2013-07-08 13:39:00,8198,8204,8196,8204,346,98430,28538080.0,OI1401
2013-07-08 13:40:00,8202,8204,8200,8202,132,98414,10887360.0,OI1401
2013-07-08 13:41:00,8202,8208,8200,8206,356,98400,29362880.0,OI1401
2013-07-08 13:42:00,8206,8208,8206,8206,98,98412,8083040.0,OI1401
2013-07-08 13:43:00,8206,8208,8204,8204,138,98362,11382240.0,OI1401
2013-07-08 13:44:00,8206,8214,8206,8212,214,98274,17650720.0,OI1401
2013-07-08 13:45:00,8212,8214,8208,8210,324,98222,26723520.0,OI1401
2013-07-08 13:46:00,8210,8210,8210,8210,90,98202,7423200.0,OI1401
2013-07-08 13:47:00,8208,8210,8206,8210,104,98230,8575560.0,OI1401
2013-07-08 13:48:00,8208,8212,8208,8210,176,98176,14512960.0,OI1401
2013-07-08 13:49:00,8210,8214,8210,8212,72,98162,5937120.0,OI1401
2013-07-08 13:50:00,8212,8212,8210,8212,60,98136,4947600.0,OI1401
2013-07-08 13:51:00,8212,8212,8210,8212,58,98112,4782680.0,OI1401
2013-07-08 13:52:00,8212,8222,8212,8218,396,97948,32654160.0,OI1401
2013-07-08 13:53:00,8220,8220,8216,8218,212,97950,17481520.0,OI1401
2013-07-08 13:54:00,8218,8220,8214,8218,164,97958,13523440.0,OI1401
2013-07-08 13:55:00,8218,8220,8216,8218,78,97920,6431880.0,OI1401
2013-07-08 13:56:00,8218,8218,8216,8218,42,97898,3463320.0,OI1401
2013-07-08 13:57:00,8218,8228,8218,8224,374,97832,30840040.0,OI1401
2013-07-08 13:58:00,8222,8224,8220,8220,84,97844,6926640.0,OI1401
2013-07-08 13:59:00,8220,8220,8216,8218,180,97862,14842800.0,OI1401
2013-07-08 14:00:00,8216,8218,8214,8216,102,97862,8410920.0,OI1401
2013-07-08 14:01:00,8216,8218,8214,8218,52,97842,4287920.0,OI1401
2013-07-08 14:02:00,8218,8220,8218,8220,62,97836,5112520.0,OI1401
2013-07-08 14:03:00,8218,8220,8218,8220,104,97864,8575840.0,OI1401
2013-07-08 14:04:00,8218,8224,8218,8224,70,97858,5772200.0,OI1401
2013-07-08 14:05:00,8224,8228,8222,8228,240,97782,19790400.0,OI1401
2013-07-08 14:06:00,8228,8228,8224,8224,126,97786,10389960.0,OI1401
2013-07-08 14:07:00,8224,8230,8224,8230,178,97742,14677880.0,OI1401
2013-07-08 14:08:00,8230,8230,8226,8228,188,97692,15499320.0,OI1401
2013-07-08 14:09:00,8228,8228,8224,8228,204,97580,16817760.0,OI1401
2013-07-08 14:10:00,8226,8226,8226,8226,54,97584,4451760.0,OI1401
2013-07-08 14:11:00,8226,8228,8226,8228,50,97570,4122000.0,OI1401
2013-07-08 14:12:00,8228,8228,8226,8228,180,97480,14839200.0,OI1401
2013-07-08 14:13:00,8228,8228,8226,8228,56,97450,4616640.0,OI1401
2013-07-08 14:14:00,8228,8228,8224,8224,70,97446,5770800.0,OI1401
2013-07-08 14:15:00,8226,8226,8222,8222,166,97394,13685040.0,OI1401
2013-07-08 14:16:00,8222,8222,8214,8216,442,97460,36438480.0,OI1401
2013-07-08 14:17:00,8216,8218,8216,8216,96,97464,7914240.0,OI1401
2013-07-08 14:18:00,8218,8218,8216,8216,114,97420,9398160.0,OI1401
2013-07-08 14:19:00,8218,8218,8218,8218,6,97414,494640.0,OI1401
2013-07-08 14:20:00,8218,8218,8218,8218,62,97366,5111280.0,OI1401
2013-07-08 14:21:00,8218,8218,8218,8218,52,97372,4286880.0,OI1401
2013-07-08 14:22:00,8218,8220,8218,8220,22,97368,1813680.0,OI1401
2013-07-08 14:23:00,8220,8220,8220,8220,48,97374,3957120.0,OI1401
2013-07-08 14:24:00,8222,8222,8220,8222,36,97364,2967840.0,OI1401
2013-07-08 14:25:00,8220,8222,8220,8222,38,97344,3132720.0,OI1401
2013-07-08 14:26:00,8224,8224,8220,8222,10,97342,824400.0,OI1401
2013-07-08 14:27:00,8222,8224,8222,8224,44,97308,3627360.0,OI1401
2013-07-08 14:28:00,8224,8224,8222,8222,14,97312,1154160.0,OI1401
2013-07-08 14:29:00,8224,8224,8220,8222,48,97294,3957120.0,OI1401
2013-07-08 14:30:00,8220,8220,8216,8220,226,97200,18631440.0,OI1401
2013-07-08 14:31:00,8218,8220,8216,8220,46,97188,3792240.0,OI1401
2013-07-08 14:32:00,8220,8222,8218,8220,270,96994,22258800.0,OI1401
2013-07-08 14:33:00,8220,8222,8220,8222,28,96984,2308320.0,OI1401
2013-07-08 14:34:00,8222,8224,8222,8222,72,96948,5935680.0,OI1401
2013-07-08 14:35:00,8222,8224,8222,8224,54,96946,4451760.0,OI1401
2013-07-08 14:36:00,8224,8226,8224,8226,116,96892,9563040.0,OI1401
2013-07-08 14:37:00,8226,8228,8224,8224,66,96872,5441040.0,OI1401
2013-07-08 14:38:00,8224,8226,8224,8226,80,96850,6595200.0,OI1401
2013-07-08 14:39:00,8224,8238,8224,8232,636,96726,52431840.0,OI1401
2013-07-08 14:40:00,8232,8232,8228,8230,84,96716,6924960.0,OI1401
2013-07-08 14:41:00,8230,8236,8230,8232,188,96714,15498720.0,OI1401
2013-07-08 14:42:00,8234,8234,8232,8234,52,96706,4286880.0,OI1401
2013-07-08 14:43:00,8234,8236,8232,8232,140,96700,11541600.0,OI1401
2013-07-08 14:44:00,8230,8236,8228,8234,190,96622,15663600.0,OI1401
2013-07-08 14:45:00,8236,8236,8234,8234,98,96612,8079120.0,OI1401
2013-07-08 14:46:00,8234,8238,8234,8238,202,96628,16652880.0,OI1401
2013-07-08 14:47:00,8238,8238,8234,8236,96,96614,7914240.0,OI1401
2013-07-08 14:48:00,8234,8236,8234,8234,34,96614,2802960.0,OI1401
2013-07-08 14:49:00,8234,8234,8228,8230,222,96554,18301680.0,OI1401
2013-07-08 14:50:00,8230,8232,8228,8228,98,96496,7180400.0,OI1401
2013-07-08 14:51:00,8228,8232,8228,8228,102,96486,8406840.0,OI1401
2013-07-08 14:52:00,8228,8228,8226,8228,140,96484,11538800.0,OI1401
2013-07-08 14:53:00,8226,8226,8224,8226,146,96484,12033320.0,OI1401
2013-07-08 14:54:00,8226,8228,8226,8226,94,96434,7747480.0,OI1401
2013-07-08 14:55:00,8228,8228,8226,8226,50,96418,4121000.0,OI1401
2013-07-08 14:56:00,8226,8234,8226,8232,212,96332,17473040.0,OI1401
2013-07-08 14:57:00,8230,8232,8226,8228,128,96358,10549760.0,OI1401
2013-07-08 14:58:00,8228,8230,8226,8228,176,96302,14505920.0,OI1401
2013-07-08 14:59:00,8226,8228,8224,8228,244,96158,20110480.0,OI1401
2013-07-09 09:00:00,8260,8260,8242,8250,524,96310,43257600.0,OI1401
2013-07-09 09:01:00,8250,8258,8250,8256,220,96302,18153520.0,OI1401
2013-07-09 09:02:00,8256,8256,8244,8252,232,96308,19144640.0,OI1401
2013-07-09 09:03:00,8250,8252,8246,8248,184,96312,15183680.0,OI1401
2013-07-09 09:04:00,8246,8246,8238,8244,530,96352,43725440.0,OI1401
2013-07-09 09:05:00,8244,8246,8242,8246,156,96350,12866880.0,OI1401
2013-07-09 09:06:00,8244,8246,8244,8246,100,96370,8248000.0,OI1401
2013-07-09 09:07:00,8244,8244,8244,8244,66,96374,5443680.0,OI1401
2013-07-09 09:08:00,8246,8248,8244,8246,120,96408,9897600.0,OI1401
2013-07-09 09:09:00,8246,8250,8242,8242,300,96436,24744000.0,OI1401
2013-07-09 09:10:00,8242,8242,8236,8236,234,96466,19300320.0,OI1401
2013-07-09 09:11:00,8236,8236,8230,8234,354,96524,29192240.0,OI1401
2013-07-09 09:12:00,8234,8236,8234,8234,110,96552,9070600.0,OI1401
2013-07-09 09:13:00,8234,8238,8234,8236,166,96594,13687000.0,OI1401
2013-07-09 09:14:00,8238,8238,8234,8236,146,96610,12036240.0,OI1401
2013-07-09 09:15:00,8236,8236,8232,8234,110,96630,9068400.0,OI1401
2013-07-09 09:16:00,8232,8236,8232,8234,152,96690,12530880.0,OI1401
2013-07-09 09:17:00,8234,8236,8234,8234,90,96704,7419600.0,OI1401
2013-07-09 09:18:00,8236,8236,8232,8234,96,96752,7914240.0,OI1401
2013-07-09 09:19:00,8232,8232,8228,8228,256,96876,21102320.0,OI1401
2013-07-09 09:20:00,8228,8232,8226,8232,110,96920,9066200.0,OI1401
2013-07-09 09:21:00,8232,8232,8228,8228,182,96988,15000440.0,OI1401
2013-07-09 09:22:00,8228,8232,8228,8232,124,96988,10220080.0,OI1401
2013-07-09 09:23:00,8232,8236,8232,8236,340,96898,28022800.0,OI1401
2013-07-09 09:24:00,8236,8240,8234,8240,236,96848,19447040.0,OI1401
2013-07-09 09:25:00,8240,8244,8240,8240,192,96842,15820800.0,OI1401
2013-07-09 09:26:00,8240,8240,8234,8236,134,96802,11041600.0,OI1401
2013-07-09 09:27:00,8236,8238,8234,8238,100,96848,8240000.0,OI1401
2013-07-09 09:28:00,8236,8238,8236,8238,24,96840,1977600.0,OI1401
2013-07-09 09:29:00,8236,8240,8236,8240,24,96840,1977600.0,OI1401
2013-07-09 09:30:00,8240,8240,8240,8240,36,96826,2966400.0,OI1401
2013-07-09 09:31:00,8240,8240,8240,8240,26,96826,2142400.0,OI1401
2013-07-09 09:32:00,8240,8242,8238,8240,134,96824,11041600.0,OI1401
2013-07-09 09:33:00,8240,8240,8238,8238,84,96766,6921600.0,OI1401
2013-07-09 09:34:00,8240,8240,8236,8238,26,96758,2142400.0,OI1401
2013-07-09 09:35:00,8238,8238,8234,8234,72,96798,5932800.0,OI1401
2013-07-09 09:36:00,8234,8236,8232,8234,78,96782,6427200.0,OI1401
2013-07-09 09:37:00,8236,8238,8236,8236,38,96786,3131200.0,OI1401
2013-07-09 09:38:00,8234,8236,8234,8236,56,96788,4614400.0,OI1401
2013-07-09 09:39:00,8238,8238,8236,8236,8,96788,659200.0,OI1401
2013-07-09 09:40:00,8236,8236,8234,8234,30,96806,2472000.0,OI1401
2013-07-09 09:41:00,8236,8238,8236,8238,46,96796,3790400.0,OI1401
2013-07-09 09:42:00,8236,8238,8236,8238,20,96794,1648000.0,OI1401
2013-07-09 09:43:00,8238,8238,8236,8236,8,96794,659200.0,OI1401
2013-07-09 09:44:00,8236,8236,8236,8236,36,96786,2966400.0,OI1401
2013-07-09 09:45:00,8234,8236,8234,8236,20,96788,1648000.0,OI1401
2013-07-09 09:46:00,8236,8236,8236,8236,40,96780,3296000.0,OI1401
2013-07-09 09:47:00,8236,8236,8236,8236,18,96776,1483200.0,OI1401
2013-07-09 09:48:00,8236,8236,8234,8234,52,96742,4284800.0,OI1401
2013-07-09 09:49:00,8234,8238,8234,8238,20,96730,1648000.0,OI1401
2013-07-09 09:50:00,8236,8238,8236,8238,10,96724,824000.0,OI1401
2013-07-09 09:51:00,8238,8238,8236,8236,58,96712,4779200.0,OI1401
2013-07-09 09:52:00,8238,8238,8238,8238,12,96712,988800.0,OI1401
2013-07-09 09:53:00,8236,8238,8236,8238,46,96682,3790400.0,OI1401
2013-07-09 09:54:00,8238,8238,8238,8238,2,96682,164800.0,OI1401
2013-07-09 09:56:00,8238,8238,8238,8238,10,96682,824000.0,OI1401
2013-07-09 09:57:00,8236,8236,8236,8236,52,96630,4284800.0,OI1401
2013-07-09 09:58:00,8236,8236,8234,8234,62,96612,5108800.0,OI1401
2013-07-09 09:59:00,8234,8236,8232,8232,16,96622,1318400.0,OI1401
2013-07-09 10:00:00,8234,8234,8234,8234,40,96600,3296000.0,OI1401
2013-07-09 10:01:00,8236,8236,8236,8236,24,96588,1977600.0,OI1401
2013-07-09 10:02:00,8236,8238,8236,8236,114,96478,9393600.0,OI1401
2013-07-09 10:03:00,8238,8238,8238,8238,2,96476,164800.0,OI1401
2013-07-09 10:04:00,8238,8240,8238,8240,70,96426,5768000.0,OI1401
2013-07-09 10:05:00,8240,8240,8236,8236,14,96432,1153600.0,OI1401
2013-07-09 10:06:00,8236,8238,8236,8238,36,96424,2966400.0,OI1401
2013-07-09 10:07:00,8238,8240,8236,8240,28,96408,2307200.0,OI1401
2013-07-09 10:08:00,8238,8238,8236,8236,34,96394,2801600.0,OI1401
2013-07-09 10:09:00,8236,8236,8234,8234,50,96382,4120000.0,OI1401
2013-07-09 10:10:00,8236,8236,8234,8234,18,96384,1483200.0,OI1401
2013-07-09 10:11:00,8234,8234,8232,8234,110,96376,9064000.0,OI1401
2013-07-09 10:12:00,8234,8236,8234,8236,56,96372,4614400.0,OI1401
2013-07-09 10:13:00,8236,8236,8232,8232,18,96366,1483200.0,OI1401
2013-07-09 10:14:00,8234,8234,8232,8232,16,96370,1318400.0,OI1401
2013-07-09 10:30:00,8234,8234,8230,8230,50,96386,4120000.0,OI1401
2013-07-09 10:31:00,8230,8234,8230,8232,18,96392,1483200.0,OI1401
2013-07-09 10:32:00,8234,8234,8234,8234,10,96388,824000.0,OI1401
2013-07-09 10:33:00,8234,8240,8234,8240,106,96364,8734400.0,OI1401
2013-07-09 10:34:00,8240,8240,8236,8236,40,96374,3296000.0,OI1401
2013-07-09 10:35:00,8236,8238,8236,8238,24,96372,1977600.0,OI1401
2013-07-09 10:36:00,8238,8238,8236,8236,40,96390,3296000.0,OI1401
2013-07-09 10:37:00,8238,8238,8236,8236,82,96352,6756800.0,OI1401
2013-07-09 10:38:00,8236,8236,8236,8236,26,96342,2142400.0,OI1401
2013-07-09 10:39:00,8236,8236,8236,8236,22,96340,1812800.0,OI1401
2013-07-09 10:40:00,8236,8238,8236,8236,26,96330,2142400.0,OI1401
2013-07-09 10:41:00,8236,8240,8236,8240,50,96330,4120000.0,OI1401
2013-07-09 10:42:00,8240,8240,8238,8238,128,96410,10547200.0,OI1401
2013-07-09 10:43:00,8238,8240,8238,8238,40,96402,3296000.0,OI1401
2013-07-09 10:44:00,8238,8240,8238,8238,28,96384,2307200.0,OI1401
2013-07-09 10:45:00,8240,8240,8238,8238,84,96390,6921600.0,OI1401
2013-07-09 10:46:00,8238,8240,8238,8240,44,96390,3625600.0,OI1401
2013-07-09 10:47:00,8240,8240,8240,8240,24,96394,1977600.0,OI1401
2013-07-09 10:48:00,8240,8240,8238,8238,50,96430,4120000.0,OI1401
2013-07-09 10:49:00,8238,8238,8236,8236,42,96436,3460800.0,OI1401
2013-07-09 10:50:00,8236,8238,8236,8238,26,96458,2142400.0,OI1401
2013-07-09 10:51:00,8238,8238,8236,8236,66,96520,5438400.0,OI1401
2013-07-09 10:52:00,8236,8238,8236,8236,62,96520,5108800.0,OI1401
2013-07-09 10:53:00,8238,8238,8238,8238,4,96520,329600.0,OI1401
2013-07-09 10:54:00,8238,8240,8238,8240,48,96492,3955200.0,OI1401
2013-07-09 10:55:00,8240,8242,8238,8238,156,96532,12854400.0,OI1401
2013-07-09 10:56:00,8238,8240,8238,8238,104,96598,8569600.0,OI1401
2013-07-09 10:57:00,8240,8240,8240,8240,60,96606,4944000.0,OI1401
2013-07-09 10:58:00,8240,8240,8238,8240,38,96590,3131200.0,OI1401
2013-07-09 10:59:00,8238,8242,8238,8242,100,96608,8240000.0,OI1401
2013-07-09 11:00:00,8242,8244,8240,8240,182,96614,14996800.0,OI1401
2013-07-09 11:01:00,8240,8242,8240,8242,98,96598,8075200.0,OI1401
2013-07-09 11:02:00,8242,8242,8240,8240,60,96616,4944000.0,OI1401
2013-07-09 11:03:00,8240,8240,8240,8240,10,96616,824000.0,OI1401
2013-07-09 11:04:00,8240,8240,8236,8236,64,96636,5273600.0,OI1401
2013-07-09 11:05:00,8236,8238,8236,8238,20,96628,1648000.0,OI1401
2013-07-09 11:06:00,8238,8240,8238,8240,20,96618,1648000.0,OI1401
2013-07-09 11:07:00,8240,8240,8240,8240,16,96614,1318400.0,OI1401
2013-07-09 11:08:00,8238,8240,8238,8238,22,96630,1812800.0,OI1401
2013-07-09 11:09:00,8240,8240,8238,8238,20,96636,1648000.0,OI1401
2013-07-09 11:10:00,8238,8240,8238,8240,64,96610,5273600.0,OI1401
2013-07-09 11:11:00,8238,8240,8238,8240,12,96616,988800.0,OI1401
2013-07-09 11:12:00,8238,8238,8236,8236,30,96630,2472000.0,OI1401
2013-07-09 11:13:00,8238,8240,8236,8240,48,96624,3955200.0,OI1401
2013-07-09 11:14:00,8240,8242,8238,8240,48,96660,3955200.0,OI1401
2013-07-09 11:15:00,8238,8240,8238,8238,140,96650,11536000.0,OI1401
2013-07-09 11:16:00,8238,8240,8238,8240,4,96654,329600.0,OI1401
2013-07-09 11:17:00,8238,8240,8236,8236,26,96644,2142400.0,OI1401
2013-07-09 11:18:00,8236,8236,8236,8236,10,96644,824000.0,OI1401
2013-07-09 11:19:00,8238,8238,8236,8236,40,96638,3296000.0,OI1401
2013-07-09 11:20:00,8236,8238,8236,8236,110,96634,9064000.0,OI1401
2013-07-09 11:21:00,8236,8238,8236,8238,6,96634,494400.0,OI1401
2013-07-09 11:22:00,8238,8240,8238,8240,48,96640,3955200.0,OI1401
2013-07-09 11:23:00,8240,8240,8240,8240,4,96640,329600.0,OI1401
2013-07-09 11:24:00,8238,8238,8238,8238,10,96648,824000.0,OI1401
2013-07-09 11:25:00,8240,8240,8238,8240,8,96642,659200.0,OI1401
2013-07-09 11:26:00,8238,8240,8236,8236,34,96624,2801600.0,OI1401
2013-07-09 11:27:00,8238,8240,8238,8240,24,96618,1977600.0,OI1401
2013-07-09 11:28:00,8238,8240,8238,8240,72,96682,5932800.0,OI1401
2013-07-09 11:29:00,8240,8240,8234,8234,84,96642,6921600.0,OI1401
2013-07-09 13:30:00,8238,8240,8234,8240,102,96640,8404800.0,OI1401
2013-07-09 13:31:00,8238,8240,8238,8238,108,96638,8899200.0,OI1401
2013-07-09 13:32:00,8238,8240,8238,8240,34,96638,2801600.0,OI1401
2013-07-09 13:33:00,8238,8238,8238,8238,2,96636,164800.0,OI1401
2013-07-09 13:34:00,8238,8238,8238,8238,62,96668,5108800.0,OI1401
2013-07-09 13:35:00,8240,8240,8238,8240,52,96678,4284800.0,OI1401
2013-07-09 13:36:00,8240,8242,8240,8240,100,96638,8240000.0,OI1401
2013-07-09 13:37:00,8240,8244,8238,8244,154,96646,12689600.0,OI1401
2013-07-09 13:38:00,8244,8244,8244,8244,134,96680,11041600.0,OI1401
2013-07-09 13:39:00,8244,8248,8244,8246,250,96722,20600000.0,OI1401
2013-07-09 13:40:00,8246,8248,8244,8248,158,96768,13019200.0,OI1401
2013-07-09 13:41:00,8246,8248,8246,8246,70,96766,5768000.0,OI1401
2013-07-09 13:42:00,8248,8248,8244,8244,84,96758,6921600.0,OI1401
2013-07-09 13:43:00,8246,8248,8244,8246,70,96740,5768000.0,OI1401
2013-07-09 13:44:00,8246,8248,8246,8248,112,96800,9228800.0,OI1401
2013-07-09 13:45:00,8248,8248,8246,8246,182,96802,14996800.0,OI1401
2013-07-09 13:46:00,8246,8246,8244,8246,80,96798,6592000.0,OI1401
2013-07-09 13:47:00,8246,8246,8246,8246,14,96800,1153600.0,OI1401
2013-07-09 13:48:00,8244,8246,8244,8246,144,96824,11865600.0,OI1401
2013-07-09 13:49:00,8244,8244,8244,8244,82,96796,6756800.0,OI1401
2013-07-09 13:50:00,8244,8246,8244,8244,58,96776,4779200.0,OI1401
2013-07-09 13:51:00,8244,8246,8244,8246,12,96780,988800.0,OI1401
2013-07-09 13:52:00,8246,8246,8244,8244,26,96758,2142400.0,OI1401
2013-07-09 13:53:00,8246,8246,8246,8246,8,96758,659200.0,OI1401
2013-07-09 13:54:00,8246,8246,8246,8246,96,96760,7910400.0,OI1401
2013-07-09 13:55:00,8244,8244,8244,8244,8,96754,659200.0,OI1401
2013-07-09 13:57:00,8246,8246,8244,8246,16,96752,1318400.0,OI1401
2013-07-09 13:58:00,8246,8246,8246,8246,78,96784,6427200.0,OI1401
2013-07-09 13:59:00,8244,8244,8242,8242,152,96810,12524800.0,OI1401
2013-07-09 14:00:00,8244,8246,8244,8246,50,96772,4120000.0,OI1401
2013-07-09 14:01:00,8244,8246,8244,8244,84,96766,6921600.0,OI1401
2013-07-09 14:02:00,8244,8244,8244,8244,136,96780,11206400.0,OI1401
2013-07-09 14:03:00,8246,8246,8242,8244,278,97000,22907200.0,OI1401
2013-07-09 14:04:00,8244,8244,8242,8242,334,97304,27521600.0,OI1401
2013-07-09 14:05:00,8242,8242,8240,8242,174,97364,14337600.0,OI1401
2013-07-09 14:06:00,8240,8242,8240,8240,178,97402,14667200.0,OI1401
2013-07-09 14:07:00,8240,8242,8240,8242,28,97406,2307200.0,OI1401
2013-07-09 14:08:00,8240,8242,8240,8240,104,97428,8569600.0,OI1401
2013-07-09 14:09:00,8242,8242,8238,8240,114,97388,9393600.0,OI1401
2013-07-09 14:10:00,8242,8244,8242,8242,92,97406,7580800.0,OI1401
2013-07-09 14:11:00,8242,8242,8240,8240,66,97430,5438400.0,OI1401
2013-07-09 14:12:00,8242,8242,8238,8240,16,97444,1318400.0,OI1401
2013-07-09 14:13:00,8240,8240,8240,8240,12,97450,988800.0,OI1401
2013-07-09 14:14:00,8240,8240,8240,8240,8,97454,659200.0,OI1401
2013-07-09 14:15:00,8240,8242,8240,8240,14,97462,1153600.0,OI1401
2013-07-09 14:16:00,8240,8242,8240,8242,30,97492,2472000.0,OI1401
2013-07-09 14:17:00,8242,8242,8242,8242,34,97504,2801600.0,OI1401
2013-07-09 14:18:00,8242,8242,8240,8242,18,97498,1483200.0,OI1401
2013-07-09 14:19:00,8242,8242,8242,8242,38,97510,3131200.0,OI1401
2013-07-09 14:21:00,8246,8248,8244,8248,242,97610,19940800.0,OI1401
2013-07-09 14:22:00,8246,8246,8244,8246,16,97622,1318400.0,OI1401
2013-07-09 14:23:00,8248,8248,8244,8244,62,97630,5108800.0,OI1401
2013-07-09 14:24:00,8246,8246,8244,8244,56,97662,4614400.0,OI1401
2013-07-09 14:25:00,8242,8244,8242,8244,36,97648,2966800.0,OI1401
2013-07-09 14:26:00,8244,8244,8240,8240,82,97672,6758440.0,OI1401
2013-07-09 14:27:00,8240,8242,8240,8242,36,97676,2967120.0,OI1401
2013-07-09 14:28:00,8242,8244,8242,8242,18,97676,1483560.0,OI1401
2013-07-09 14:29:00,8242,8244,8242,8242,18,97670,1483560.0,OI1401
2013-07-09 14:30:00,8242,8244,8242,8244,32,97660,2637440.0,OI1401
2013-07-09 14:31:00,8244,8244,8244,8244,2,97660,164840.0,OI1401
2013-07-09 14:32:00,8244,8244,8244,8244,74,97644,6099080.0,OI1401
2013-07-09 14:33:00,8244,8246,8244,8246,10,97648,824200.0,OI1401
2013-07-09 14:34:00,8246,8246,8244,8244,90,97610,7417800.0,OI1401
2013-07-09 14:35:00,8246,8246,8244,8244,40,97632,3296800.0,OI1401
2013-07-09 14:36:00,8244,8246,8244,8246,112,97594,9231040.0,OI1401
2013-07-09 14:37:00,8246,8246,8244,8246,88,97606,7252960.0,OI1401
2013-07-09 14:38:00,8246,8246,8244,8244,152,97608,12527840.0,OI1401
2013-07-09 14:39:00,8244,8246,8244,8244,40,97602,3296800.0,OI1401
2013-07-09 14:40:00,8244,8244,8240,8240,110,97616,9066200.0,OI1401
2013-07-09 14:41:00,8240,8242,8240,8240,26,97624,2142920.0,OI1401
2013-07-09 14:42:00,8240,8240,8238,8238,142,97634,11703640.0,OI1401
2013-07-09 14:43:00,8238,8240,8238,8238,12,97626,989040.0,OI1401
2013-07-09 14:44:00,8238,8240,8238,8238,12,97622,989040.0,OI1401
2013-07-09 14:45:00,8240,8242,8240,8242,58,97594,4780360.0,OI1401
2013-07-09 14:46:00,8242,8242,8242,8242,8,97594,659360.0,OI1401
2013-07-09 14:47:00,8242,8242,8240,8240,84,97590,6923280.0,OI1401
2013-07-09 14:48:00,8240,8240,8238,8238,46,97570,3791320.0,OI1401
2013-07-09 14:49:00,8240,8240,8238,8240,48,97580,3956160.0,OI1401
2013-07-09 14:50:00,8240,8240,8238,8238,14,97584,1153880.0,OI1401
2013-07-09 14:51:00,8238,8240,8238,8238,98,97564,8077160.0,OI1401
2013-07-09 14:52:00,8236,8238,8234,8234,270,97632,22253400.0,OI1401
2013-07-09 14:53:00,8234,8236,8234,8236,110,97708,9066200.0,OI1401
2013-07-09 14:54:00,8236,8238,8236,8236,82,97772,6758440.0,OI1401
2013-07-09 14:55:00,8234,8236,8234,8236,54,97770,4450680.0,OI1401
2013-07-09 14:56:00,8234,8234,8232,8234,50,97756,4120880.0,OI1401
2013-07-09 14:57:00,8232,8234,8226,8226,250,97760,20600000.0,OI1401
2013-07-09 14:58:00,8228,8228,8226,8226,312,97698,25708800.0,OI1401
2013-07-09 14:59:00,8226,8230,8222,8224,378,97774,31147200.0,OI1401
2013-07-10 09:00:00,8238,8248,8238,8246,470,97892,38741480.0,OI1401
2013-07-10 09:01:00,8246,8246,8242,8244,276,97984,22753440.0,OI1401
2013-07-10 09:02:00,8246,8248,8242,8248,224,97838,18466560.0,OI1401
2013-07-10 09:03:00,8248,8258,8246,8246,412,97776,33973520.0,OI1401
2013-07-10 09:04:00,8246,8252,8244,8252,310,97664,25562600.0,OI1401
2013-07-10 09:05:00,8254,8256,8248,8254,172,97638,14184360.0,OI1401
2013-07-10 09:06:00,8252,8262,8252,8260,422,97560,34807200.0,OI1401
2013-07-10 09:07:00,8260,8264,8256,8258,242,97462,19965000.0,OI1401
2013-07-10 09:08:00,8256,8260,8256,8256,76,97448,6270000.0,OI1401
2013-07-10 09:09:00,8256,8258,8252,8254,228,97372,18810000.0,OI1401
2013-07-10 09:10:00,8254,8258,8252,8254,120,97380,9901120.0,OI1401
2013-07-10 09:11:00,8252,8254,8248,8250,140,97374,11552800.0,OI1401
2013-07-10 09:12:00,8252,8252,8246,8248,132,97410,10892040.0,OI1401
2013-07-10 09:13:00,8246,8248,8246,8246,116,97468,9570000.0,OI1401
2013-07-10 09:14:00,8248,8248,8244,8246,192,97420,15840000.0,OI1401
2013-07-10 09:15:00,8246,8248,8246,8248,54,97422,4455000.0,OI1401
2013-07-10 09:16:00,8248,8248,8244,8244,44,97418,3630000.0,OI1401
2013-07-10 09:17:00,8244,8244,8242,8242,216,97376,17820000.0,OI1401
2013-07-10 09:18:00,8242,8244,8234,8238,244,97382,20130000.0,OI1401
2013-07-10 09:19:00,8238,8240,8234,8236,182,97432,15014640.0,OI1401
2013-07-10 09:20:00,8236,8236,8224,8224,194,97494,16001120.0,OI1401
2013-07-10 09:21:00,8226,8232,8224,8232,206,97522,16990880.0,OI1401
2013-07-10 09:22:00,8232,8232,8226,8226,252,97594,20782160.0,OI1401
2013-07-10 09:23:00,8226,8230,8224,8230,176,97584,14512960.0,OI1401
2013-07-10 09:24:00,8232,8232,8228,8228,78,97574,6431880.0,OI1401
2013-07-10 09:25:00,8228,8230,8224,8226,138,97574,11379480.0,OI1401
2013-07-10 09:26:00,8226,8230,8226,8230,78,97598,6430880.0,OI1401
2013-07-10 09:27:00,8228,8228,8224,8224,76,97612,6265440.0,OI1401
2013-07-10 09:28:00,8224,8228,8224,8228,74,97618,6100560.0,OI1401
2013-07-10 09:29:00,8228,8228,8224,8224,104,97604,8573760.0,OI1401
2013-07-10 09:30:00,8222,8224,8220,8222,164,97616,13520160.0,OI1401
2013-07-10 09:31:00,8222,8224,8220,8222,198,97608,16321400.0,OI1401
2013-07-10 09:32:00,8224,8224,8218,8218,548,97692,45164320.0,OI1401
2013-07-10 09:33:00,8218,8218,8210,8210,364,97830,29993600.0,OI1401
2013-07-10 09:34:00,8212,8212,8190,8196,1208,98194,99492400.0,OI1401
2013-07-10 09:35:00,8198,8202,8192,8196,508,98328,41820600.0,OI1401
2013-07-10 09:36:00,8194,8200,8194,8198,296,98454,24362560.0,OI1401
2013-07-10 09:37:00,8196,8204,8196,8202,330,98656,27159000.0,OI1401
2013-07-10 09:38:00,8202,8202,8200,8200,296,98712,24355840.0,OI1401
2013-07-10 09:39:00,8200,8202,8200,8200,118,98756,9709040.0,OI1401
2013-07-10 09:40:00,8202,8202,8196,8200,392,98906,32252800.0,OI1401
2013-07-10 09:41:00,8200,8202,8200,8202,188,98988,15464880.0,OI1401
2013-07-10 09:42:00,8204,8208,8202,8204,236,99106,19413360.0,OI1401
2013-07-10 09:43:00,8204,8208,8200,8202,404,99236,33233040.0,OI1401
2013-07-10 09:44:00,8202,8204,8200,8200,128,99276,10527720.0,OI1401
2013-07-10 09:45:00,8202,8202,8200,8202,160,99262,13158400.0,OI1401
2013-07-10 09:46:00,8202,8208,8202,8208,276,99292,22698240.0,OI1401
2013-07-10 09:47:00,8208,8210,8204,8204,214,99336,17599360.0,OI1401
2013-07-10 09:48:00,8204,8208,8202,8206,168,99438,13816320.0,OI1401
2013-07-10 09:49:00,8208,8210,8204,8204,80,99434,6579200.0,OI1401
2013-07-10 09:50:00,8204,8204,8202,8204,234,99574,19244160.0,OI1401
2013-07-10 09:51:00,8204,8204,8202,8202,36,99566,2960000.0,OI1401
2013-07-10 09:52:00,8202,8202,8200,8202,218,99674,17923960.0,OI1401
2013-07-10 09:53:00,8200,8202,8196,8200,572,99914,47029840.0,OI1401
2013-07-10 09:54:00,8198,8200,8198,8198,114,99904,9373080.0,OI1401
2013-07-10 09:55:00,8198,8198,8184,8188,1592,100348,130852200.0,OI1401
2013-07-10 09:56:00,8190,8194,8188,8194,448,100446,36816640.0,OI1401
2013-07-10 09:57:00,8192,8194,8190,8190,228,100472,18733840.0,OI1401
2013-07-10 09:58:00,8190,8192,8186,8192,232,100566,19061120.0,OI1401
2013-07-10 09:59:00,8192,8194,8190,8192,80,100614,6572800.0,OI1401
2013-07-10 10:00:00,8194,8194,8188,8190,258,100712,21197280.0,OI1401
2013-07-10 10:01:00,8190,8194,8190,8190,188,100794,15446080.0,OI1401
2013-07-10 10:02:00,8188,8194,8188,8192,180,100790,14788800.0,OI1401
2013-07-10 10:03:00,8196,8198,8190,8190,232,100818,19061120.0,OI1401
2013-07-10 10:04:00,8194,8196,8192,8192,108,100800,8871120.0,OI1401
2013-07-10 10:05:00,8192,8196,8192,8194,188,100782,15442320.0,OI1401
2013-07-10 10:06:00,8194,8196,8192,8194,74,100762,6078360.0,OI1401
2013-07-10 10:07:00,8192,8194,8190,8194,94,100748,7721160.0,OI1401
2013-07-10 10:08:00,8194,8198,8194,8196,120,100732,9856800.0,OI1401
2013-07-10 10:09:00,8198,8206,8198,8204,330,100640,27106200.0,OI1401
2013-07-10 10:10:00,8204,8204,8198,8200,160,100596,13142400.0,OI1401
2013-07-10 10:11:00,8200,8202,8198,8200,134,100520,11006760.0,OI1401
2013-07-10 10:12:00,8200,8200,8198,8200,50,100510,4107000.0,OI1401
2013-07-10 10:13:00,8200,8200,8200,8200,64,100448,5256960.0,OI1401
2013-07-10 10:14:00,8202,8202,8194,8194,304,100490,24970560.0,OI1401
2013-07-10 10:30:00,8192,8194,8190,8192,112,100504,9199680.0,OI1401
2013-07-10 10:31:00,8192,8194,8192,8192,98,100478,8049720.0,OI1401
2013-07-10 10:32:00,8192,8196,8192,8196,156,100522,12813840.0,OI1401
2013-07-10 10:33:00,8196,8198,8192,8198,296,100548,24309160.0,OI1401
2013-07-10 10:34:00,8198,8198,8198,8198,148,100554,12153760.0,OI1401
2013-07-10 10:35:00,8198,8198,8192,8192,150,100582,12318000.0,OI1401
2013-07-10 10:36:00,8192,8194,8190,8194,26,100586,2135120.0,OI1401
2013-07-10 10:37:00,8194,8194,8192,8192,14,100590,1149680.0,OI1401
2013-07-10 10:38:00,8192,8196,8192,8196,88,100604,7226560.0,OI1401
2013-07-10 10:39:00,8196,8198,8196,8198,42,100574,3449040.0,OI1401
2013-07-10 10:40:00,8198,8198,8196,8196,48,100578,3941760.0,OI1401
2013-07-10 10:41:00,8196,8198,8196,8198,6,100582,492720.0,OI1401
2013-07-10 10:42:00,8198,8198,8196,8198,60,100582,4927200.0,OI1401
2013-07-10 10:43:00,8200,8202,8198,8202,142,100618,11661040.0,OI1401
2013-07-10 10:44:00,8200,8200,8198,8200,56,100612,4598720.0,OI1401
2013-07-10 10:45:00,8200,8200,8192,8192,80,100644,6569600.0,OI1401
2013-07-10 10:46:00,8192,8196,8192,8194,60,100662,4927200.0,OI1401
2013-07-10 10:47:00,8194,8194,8190,8192,242,100718,19873040.0,OI1401
2013-07-10 10:48:00,8192,8194,8190,8194,56,100736,4598720.0,OI1401
2013-07-10 10:49:00,8194,8194,8190,8192,44,100768,3613280.0,OI1401
2013-07-10 10:50:00,8190,8190,8176,8178,916,101308,75214800.0,OI1401
2013-07-10 10:51:00,8176,8186,8174,8182,650,101402,53365000.0,OI1401
2013-07-10 10:52:00,8182,8184,8176,8180,410,101514,33660480.0,OI1401
2013-07-10 10:53:00,8180,8180,8176,8176,278,101672,22818240.0,OI1401
2013-07-10 10:54:00,8176,8180,8176,8178,410,101802,33652800.0,OI1401
2013-07-10 10:55:00,8178,8182,8178,8182,302,101986,24788160.0,OI1401
2013-07-10 10:56:00,8182,8182,8178,8180,200,101974,16416000.0,OI1401
2013-07-10 10:57:00,8180,8206,8180,8200,1128,101564,92581000.0,OI1401
2013-07-10 10:58:00,8200,8204,8196,8198,440,101454,36106400.0,OI1401
2013-07-10 10:59:00,8200,8202,8196,8198,184,101400,15099040.0,OI1401
2013-07-10 11:00:00,8200,8200,8196,8196,86,101392,7057160.0,OI1401
2013-07-10 11:01:00,8196,8198,8196,8196,64,101372,5251840.0,OI1401
2013-07-10 11:02:00,8198,8198,8194,8194,94,101362,7713640.0,OI1401
2013-07-10 11:03:00,8194,8198,8194,8198,172,101330,14114320.0,OI1401
2013-07-10 11:04:00,8198,8198,8194,8196,180,101376,14770800.0,OI1401
2013-07-10 11:05:00,8196,8196,8194,8194,200,101392,16412000.0,OI1401
2013-07-10 11:06:00,8194,8196,8192,8194,38,101408,3118280.0,OI1401
2013-07-10 11:07:00,8192,8192,8192,8192,44,101376,3610640.0,OI1401
2013-07-10 11:08:00,8192,8194,8192,8194,14,101372,1148840.0,OI1401
2013-07-10 11:09:00,8194,8196,8194,8196,28,101366,2297680.0,OI1401
2013-07-10 11:10:00,8196,8196,8194,8194,32,101358,2625920.0,OI1401
2013-07-10 11:11:00,8196,8196,8192,8194,52,101358,4267120.0,OI1401
2013-07-10 11:12:00,8194,8196,8192,8192,50,101368,4103000.0,OI1401
2013-07-10 11:13:00,8194,8194,8192,8192,68,101344,5580080.0,OI1401
2013-07-10 11:14:00,8192,8194,8190,8192,84,101362,6893040.0,OI1401
2013-07-10 11:15:00,8192,8192,8192,8192,24,101372,1969440.0,OI1401
2013-07-10 11:16:00,8192,8192,8192,8192,26,101384,2133560.0,OI1401
2013-07-10 11:17:00,8192,8194,8190,8190,42,101380,3446520.0,OI1401
2013-07-10 11:18:00,8190,8190,8190,8190,24,101372,1969440.0,OI1401
2013-07-10 11:19:00,8192,8194,8192,8194,54,101364,4431240.0,OI1401
2013-07-10 11:20:00,8192,8194,8192,8194,38,101334,3118280.0,OI1401
2013-07-10 11:21:00,8194,8194,8192,8194,14,101328,1148840.0,OI1401
2013-07-10 11:22:00,8194,8198,8192,8192,226,101358,18545560.0,OI1401
2013-07-10 11:23:00,8190,8192,8188,8188,196,101378,16083760.0,OI1401
2013-07-10 11:24:00,8190,8190,8188,8190,64,101424,5251840.0,OI1401
2013-07-10 11:25:00,8190,8190,8188,8190,18,101422,1477080.0,OI1401
2013-07-10 11:26:00,8190,8190,8188,8190,34,101438,2790040.0,OI1401
2013-07-10 11:27:00,8190,8190,8188,8190,28,101434,2297680.0,OI1401
2013-07-10 11:28:00,8190,8192,8190,8190,20,101420,1641200.0,OI1401
2013-07-10 11:29:00,8190,8194,8190,8194,34,101410,2790040.0,OI1401
2013-07-10 13:30:00,8192,8200,8192,8200,328,101298,26915680.0,OI1401
2013-07-10 13:31:00,8200,8206,8196,8204,328,101088,26915680.0,OI1401
2013-07-10 13:32:00,8204,8206,8202,8202,178,101066,14606680.0,OI1401
2013-07-10 13:33:00,8202,8206,8202,8206,148,101062,12144880.0,OI1401
2013-07-10 13:34:00,8204,8208,8204,8206,282,101004,23140920.0,OI1401
2013-07-10 13:35:00,8206,8210,8206,8206,196,101012,16083760.0,OI1401
2013-07-10 13:36:00,8206,8208,8204,8206,52,100988,4267120.0,OI1401
2013-07-10 13:37:00,8206,8208,8204,8208,90,100982,7385400.0,OI1401
2013-07-10 13:38:00,8208,8210,8208,8208,138,100898,11324280.0,OI1401
2013-07-10 13:39:00,8208,8210,8206,8210,126,100892,10339560.0,OI1401
2013-07-10 13:40:00,8210,8214,8208,8212,292,100822,23961520.0,OI1401
2013-07-10 13:41:00,8212,8216,8210,8216,182,100704,14934920.0,OI1401
2013-07-10 13:42:00,8216,8216,8212,8212,92,100680,7549520.0,OI1401
2013-07-10 13:43:00,8214,8216,8214,8216,172,100654,14114320.0,OI1401
2013-07-10 13:44:00,8218,8218,8214,8216,88,100638,7221280.0,OI1401
2013-07-10 13:45:00,8214,8216,8214,8216,104,100620,8534240.0,OI1401
2013-07-10 13:46:00,8216,8216,8214,8214,94,100620,7713640.0,OI1401
2013-07-10 13:47:00,8214,8216,8212,8216,66,100618,5415960.0,OI1401
2013-07-10 13:48:00,8214,8216,8212,8212,36,100606,2954160.0,OI1401
2013-07-10 13:49:00,8212,8214,8210,8210,82,100580,6728920.0,OI1401
2013-07-10 13:50:00,8210,8212,8208,8212,112,100556,9190720.0,OI1401
2013-07-10 13:51:00,8210,8212,8210,8210,44,100554,3610640.0,OI1401
2013-07-10 13:52:00,8210,8212,8210,8212,56,100582,4595360.0,OI1401
2013-07-10 13:53:00,8210,8212,8210,8212,20,100580,1641200.0,OI1401
2013-07-10 13:54:00,8214,8216,8212,8216,126,100486,10339560.0,OI1401
2013-07-10 13:55:00,8216,8218,8216,8218,168,100398,13786080.0,OI1401
2013-07-10 13:56:00,8218,8218,8214,8216,26,100384,2133560.0,OI1401
2013-07-10 13:57:00,8214,8214,8212,8212,88,100396,7221280.0,OI1401
2013-07-10 13:58:00,8212,8212,8210,8212,82,100394,6728920.0,OI1401
2013-07-10 13:59:00,8212,8212,8210,8210,26,100392,2133560.0,OI1401
2013-07-10 14:00:00,8210,8212,8210,8212,140,100384,11488400.0,OI1401
2013-07-10 14:01:00,8210,8212,8210,8210,26,100384,2133560.0,OI1401
2013-07-10 14:02:00,8210,8210,8210,8210,10,100390,820600.0,OI1401
2013-07-10 14:03:00,8210,8212,8210,8212,6,100394,492360.0,OI1401
2013-07-10 14:04:00,8210,8212,8210,8210,12,100388,984720.0,OI1401
2013-07-10 14:05:00,8212,8216,8212,8216,86,100376,7057160.0,OI1401
2013-07-10 14:06:00,8216,8216,8212,8212,144,100400,11816640.0,OI1401
2013-07-10 14:07:00,8212,8212,8212,8212,12,100394,984720.0,OI1401
2013-07-10 14:08:00,8212,8212,8198,8200,464,100698,38075840.0,OI1401
2013-07-10 14:09:00,8198,8200,8198,8200,116,100718,9518960.0,OI1401
2013-07-10 14:10:00,8200,8202,8196,8196,196,100766,16083760.0,OI1401
2013-07-10 14:11:00,8196,8198,8196,8198,52,100758,4267120.0,OI1401
2013-07-10 14:12:00,8198,8202,8198,8200,122,100812,10011320.0,OI1401
2013-07-10 14:13:00,8200,8200,8198,8198,136,100838,11160160.0,OI1401
2013-07-10 14:14:00,8200,8200,8198,8198,140,100894,11488400.0,OI1401
2013-07-10 14:15:00,8198,8202,8198,8202,166,100972,13621960.0,OI1401
2013-07-10 14:16:00,8202,8202,8198,8198,56,100982,4595360.0,OI1401
2013-07-10 14:17:00,8200,8200,8198,8198,88,101040,7221280.0,OI1401
2013-07-10 14:18:00,8198,8200,8198,8198,88,101094,7221280.0,OI1401
2013-07-10 14:19:00,8200,8202,8200,8202,132,101122,10831920.0,OI1401
2013-07-10 14:20:00,8200,8206,8200,8206,78,101126,6400680.0,OI1401
2013-07-10 14:21:00,8206,8210,8204,8208,58,101104,4759480.0,OI1401
2013-07-10 14:22:00,8206,8210,8204,8206,244,101160,20022640.0,OI1401
2013-07-10 14:23:00,8206,8206,8204,8206,44,101160,3610640.0,OI1401
2013-07-10 14:24:00,8206,8206,8202,8204,56,101170,4595360.0,OI1401
2013-07-10 14:25:00,8204,8204,8202,8202,56,101180,4595360.0,OI1401
2013-07-10 14:26:00,8202,8204,8202,8204,14,101184,1148840.0,OI1401
2013-07-10 14:27:00,8204,8208,8204,8208,82,101212,6728920.0,OI1401
2013-07-10 14:28:00,8208,8208,8206,8206,34,101222,2790040.0,OI1401
2013-07-10 14:29:00,8206,8206,8206,8206,26,101230,2133560.0,OI1401
2013-07-10 14:30:00,8206,8206,8206,8206,10,101228,820600.0,OI1401
2013-07-10 14:31:00,8204,8206,8204,8206,44,101242,3610640.0,OI1401
2013-07-10 14:32:00,8204,8206,8204,8204,26,101256,2133560.0,OI1401
2013-07-10 14:33:00,8206,8206,8204,8204,36,101274,2954160.0,OI1401
2013-07-10 14:34:00,8206,8206,8206,8206,46,101276,3774760.0,OI1401
2013-07-10 14:35:00,8206,8208,8200,8200,396,101572,32495760.0,OI1401
2013-07-10 14:36:00,8200,8202,8200,8202,74,101606,6072440.0,OI1401
2013-07-10 14:37:00,8202,8202,8200,8200,82,101618,6728920.0,OI1401
2013-07-10 14:38:00,8202,8202,8200,8200,18,101622,1477080.0,OI1401
2013-07-10 14:39:00,8202,8202,8200,8202,38,101646,3118280.0,OI1401
2013-07-10 14:40:00,8202,8204,8200,8204,90,101620,7385400.0,OI1401
2013-07-10 14:41:00,8202,8202,8202,8202,32,101590,2625920.0,OI1401
2013-07-10 14:42:00,8202,8202,8200,8200,58,101606,4759480.0,OI1401
2013-07-10 14:43:00,8200,8200,8198,8198,160,101676,13129600.0,OI1401
2013-07-10 14:44:00,8198,8200,8198,8200,126,101710,10339560.0,OI1401
2013-07-10 14:45:00,8198,8200,8194,8198,230,101774,18873800.0,OI1401
2013-07-10 14:46:00,8196,8200,8196,8200,144,101864,11816640.0,OI1401
2013-07-10 14:47:00,8200,8202,8200,8202,56,101840,4595360.0,OI1401
2013-07-10 14:48:00,8202,8202,8200,8202,48,101826,3938880.0,OI1401
2013-07-10 14:49:00,8202,8202,8200,8202,40,101820,3282400.0,OI1401
2013-07-10 14:50:00,8202,8204,8202,8204,66,101842,5415960.0,OI1401
2013-07-10 14:51:00,8204,8204,8202,8202,64,101824,5251840.0,OI1401
2013-07-10 14:52:00,8204,8204,8202,8202,36,101802,2954160.0,OI1401
2013-07-10 14:53:00,8202,8206,8202,8206,136,101776,11160160.0,OI1401
2013-07-10 14:54:00,8206,8206,8204,8206,112,101768,9190720.0,OI1401
2013-07-10 14:55:00,8206,8206,8204,8204,22,101754,1805320.0,OI1401
2013-07-10 14:56:00,8206,8208,8204,8208,186,101656,15263160.0,OI1401
2013-07-10 14:57:00,8206,8212,8206,8210,378,101554,31018680.0,OI1401
2013-07-10 14:58:00,8210,8214,8208,8214,306,101410,25110360.0,OI1401
2013-07-10 14:59:00,8212,8218,8200,8216,878,101538,72048680.0,OI1401
2013-07-11 09:00:00,8250,8256,8230,8254,466,101382,38427840.0,OI1401
2013-07-11 09:01:00,8250,8250,8236,8240,436,101470,35947600.0,OI1401
2013-07-11 09:02:00,8240,8242,8238,8242,396,101460,32643640.0,OI1401
2013-07-11 09:03:00,8244,8248,8244,8246,202,101526,16652000.0,OI1401
2013-07-11 09:04:00,8246,8246,8242,8244,184,101564,15168960.0,OI1401
2013-07-11 09:05:00,8246,8250,8244,8246,276,101544,22753440.0,OI1401
2013-07-11 09:06:00,8246,8248,8244,8246,224,101650,18466560.0,OI1401
2013-07-11 09:07:00,8246,8248,8244,8246,84,101634,6924960.0,OI1401
2013-07-11 09:08:00,8246,8246,8230,8234,258,101702,21269520.0,OI1401
2013-07-11 09:09:00,8234,8240,8234,8240,166,101618,13685040.0,OI1401
2013-07-11 09:10:00,8238,8238,8230,8230,268,101682,22091080.0,OI1401
2013-07-11 09:11:00,8230,8234,8226,8230,268,101632,22088560.0,OI1401
2013-07-11 09:12:00,8230,8234,8230,8234,94,101652,7747480.0,OI1401
2013-07-11 09:13:00,8232,8234,8230,8234,82,101678,6758440.0,OI1401
2013-07-11 09:14:00,8234,8234,8230,8230,226,101710,18623080.0,OI1401
2013-07-11 09:15:00,8230,8230,8224,8224,254,101736,20929600.0,OI1401
2013-07-11 09:16:00,8228,8228,8226,8228,48,101738,3955200.0,OI1401
2013-07-11 09:17:00,8228,8230,8226,8230,378,101644,31144080.0,OI1401
2013-07-11 09:18:00,8230,8230,8226,8228,164,101644,13510320.0,OI1401
2013-07-11 09:19:00,8230,8236,8228,8236,242,101720,19935960.0,OI1401
2013-07-11 09:20:00,8236,8236,8228,8228,252,101784,20759760.0,OI1401
2013-07-11 09:21:00,8228,8230,8222,8224,282,101922,23230560.0,OI1401
2013-07-11 09:22:00,8224,8228,8224,8224,258,102144,21248880.0,OI1401
2013-07-11 09:23:00,8226,8226,8224,8224,68,102150,5600480.0,OI1401
2013-07-11 09:24:00,8224,8224,8222,8222,88,102152,7247680.0,OI1401
2013-07-11 09:25:00,8224,8224,8224,8224,32,102164,2635520.0,OI1401
2013-07-11 09:26:00,8226,8228,8224,8228,42,102170,3459120.0,OI1401
2013-07-11 09:27:00,8226,8226,8226,8226,22,102186,1811920.0,OI1401
2013-07-11 09:28:00,8226,8226,8226,8226,2,102188,164720.0,OI1401
2013-07-11 09:29:00,8228,8230,8226,8230,76,102184,6259360.0,OI1401
2013-07-11 09:30:00,8232,8232,8230,8232,58,102166,4776880.0,OI1401
2013-07-11 09:31:00,8230,8230,8228,8230,42,102182,3459120.0,OI1401
2013-07-11 09:32:00,8230,8230,8228,8228,54,102188,4447440.0,OI1401
2013-07-11 09:33:00,8228,8228,8226,8226,62,102232,5106320.0,OI1401
2013-07-11 09:34:00,8228,8228,8226,8228,58,102276,4776880.0,OI1401
2013-07-11 09:35:00,8228,8230,8228,8228,56,102304,4612160.0,OI1401
2013-07-11 09:36:00,8230,8230,8228,8228,38,102316,3129680.0,OI1401
2013-07-11 09:37:00,8228,8228,8226,8228,42,102320,3459120.0,OI1401
2013-07-11 09:38:00,8228,8230,8228,8230,16,102312,1317760.0,OI1401
2013-07-11 09:39:00,8230,8232,8230,8230,66,102274,5435760.0,OI1401
2013-07-11 09:40:00,8230,8232,8230,8232,10,102270,823600.0,OI1401
2013-07-11 09:41:00,8232,8232,8230,8232,20,102278,1647200.0,OI1401
2013-07-11 09:42:00,8230,8230,8228,8228,34,102294,2800240.0,OI1401
2013-07-11 09:43:00,8230,8230,8228,8228,14,102294,1153040.0,OI1401
2013-07-11 09:44:00,8230,8230,8230,8230,8,102288,658880.0,OI1401
2013-07-11 09:45:00,8230,8230,8228,8230,78,102304,6424080.0,OI1401
2013-07-11 09:46:00,8230,8230,8230,8230,10,102312,823600.0,OI1401
2013-07-11 09:47:00,8230,8230,8230,8230,18,102322,1482480.0,OI1401
2013-07-11 09:48:00,8228,8228,8226,8226,62,102298,5106320.0,OI1401
2013-07-11 09:49:00,8226,8228,8226,8226,30,102292,2470800.0,OI1401
2013-07-11 09:50:00,8228,8230,8226,8230,64,102302,5270840.0,OI1401
2013-07-11 09:51:00,8230,8230,8228,8230,22,102320,1811480.0,OI1401
2013-07-11 09:52:00,8230,8230,8230,8230,28,102334,2305520.0,OI1401
2013-07-11 09:53:00,8232,8234,8230,8234,96,102298,7904640.0,OI1401
2013-07-11 09:54:00,8234,8234,8232,8232,82,102270,6751880.0,OI1401
2013-07-11 09:55:00,8232,8234,8232,8234,10,102266,823400.0,OI1401
2013-07-11 09:56:00,8232,8234,8232,8232,18,102264,1482120.0,OI1401
2013-07-11 09:57:00,8234,8234,8232,8232,56,102250,4611040.0,OI1401
2013-07-11 09:58:00,8230,8234,8230,8234,44,102258,3622960.0,OI1401
2013-07-11 09:59:00,8236,8236,8236,8236,8,102256,658720.0,OI1401
2013-07-11 10:00:00,8234,8238,8234,8236,84,102256,6916560.0,OI1401
2013-07-11 10:01:00,8236,8244,8236,8242,216,102214,17787240.0,OI1401
2013-07-11 10:02:00,8242,8242,8240,8240,116,102208,9553760.0,OI1401
2013-07-11 10:03:00,8238,8238,8236,8238,92,102188,7577120.0,OI1401
2013-07-11 10:04:00,8238,8238,8238,8238,32,102180,2635520.0,OI1401
2013-07-11 10:05:00,8236,8238,8236,8238,12,102172,988320.0,OI1401
2013-07-11 10:06:00,8238,8242,8236,8242,160,102178,13177600.0,OI1401
2013-07-11 10:07:00,8240,8244,8240,8244,108,102172,8894880.0,OI1401
2013-07-11 10:08:00,8242,8246,8242,8244,122,102186,10047920.0,OI1401
2013-07-11 10:09:00,8244,8244,8242,8242,22,102178,1811920.0,OI1401
2013-07-11 10:10:00,8242,8244,8240,8240,172,102192,14165920.0,OI1401
2013-07-11 10:11:00,8240,8240,8234,8234,156,102180,12848160.0,OI1401
2013-07-11 10:12:00,8234,8236,8234,8234,38,102170,3129680.0,OI1401
2013-07-11 10:13:00,8236,8238,8236,8238,50,102168,4118000.0,OI1401
2013-07-11 10:14:00,8238,8238,8236,8238,26,102168,2141360.0,OI1401
2013-07-11 10:30:00,8238,8240,8236,8236,76,102160,6259360.0,OI1401
2013-07-11 10:31:00,8238,8240,8236,8238,20,102144,1647200.0,OI1401
2013-07-11 10:32:00,8240,8240,8236,8238,40,102156,3294400.0,OI1401
2013-07-11 10:33:00,8236,8238,8236,8236,54,102182,4447440.0,OI1401
2013-07-11 10:34:00,8238,8238,8236,8236,40,102192,3294400.0,OI1401
2013-07-11 10:35:00,8236,8236,8236,8236,8,102184,658880.0,OI1401
2013-07-11 10:36:00,8236,8236,8236,8236,18,102188,1482480.0,OI1401
2013-07-11 10:37:00,8234,8234,8234,8234,6,102184,494160.0,OI1401
2013-07-11 10:38:00,8234,8236,8234,8236,4,102184,329440.0,OI1401
2013-07-11 10:39:00,8236,8236,8236,8236,12,102186,988320.0,OI1401
2013-07-11 10:40:00,8234,8234,8234,8234,8,102180,658880.0,OI1401
2013-07-11 10:41:00,8234,8234,8234,8234,4,102176,329440.0,OI1401
2013-07-11 10:42:00,8234,8236,8234,8236,16,102182,1317760.0,OI1401
2013-07-11 10:43:00,8236,8236,8236,8236,6,102182,494160.0,OI1401
2013-07-11 10:44:00,8234,8238,8234,8238,82,102228,6753520.0,OI1401
2013-07-11 10:45:00,8240,8240,8238,8238,6,102228,494160.0,OI1401
2013-07-11 10:46:00,8238,8240,8238,8240,20,102226,1647200.0,OI1401
2013-07-11 10:47:00,8240,8240,8236,8236,58,102242,4776880.0,OI1401
2013-07-11 10:48:00,8236,8236,8236,8236,6,102240,494160.0,OI1401
2013-07-11 10:49:00,8236,8236,8234,8234,58,102262,4776880.0,OI1401
2013-07-11 10:51:00,8234,8234,8234,8234,4,102266,329440.0,OI1401
2013-07-11 10:52:00,8236,8236,8234,8234,58,102270,4776880.0,OI1401
2013-07-11 10:53:00,8234,8234,8230,8230,188,102272,15483680.0,OI1401
2013-07-11 10:54:00,8232,8232,8230,8232,74,102304,6094640.0,OI1401
2013-07-11 10:55:00,8232,8232,8230,8230,56,102302,4612160.0,OI1401
2013-07-11 10:56:00,8228,8230,8228,8228,48,102292,3953280.0,OI1401
2013-07-11 10:57:00,8228,8230,8228,8230,40,102278,3294400.0,OI1401
2013-07-11 10:58:00,8228,8230,8228,8228,140,102232,11530400.0,OI1401
2013-07-11 10:59:00,8228,8228,8226,8226,182,102214,14989520.0,OI1401
2013-07-11 11:00:00,8228,8230,8226,8230,82,102222,6753520.0,OI1401
2013-07-11 11:01:00,8230,8232,8230,8232,34,102236,2800240.0,OI1401
2013-07-11 11:02:00,8232,8234,8232,8232,70,102240,5765200.0,OI1401
2013-07-11 11:03:00,8232,8232,8228,8228,20,102240,1647200.0,OI1401
2013-07-11 11:04:00,8228,8228,8228,8228,30,102232,2470800.0,OI1401
2013-07-11 11:05:00,8228,8230,8228,8230,6,102234,494160.0,OI1401
2013-07-11 11:06:00,8230,8230,8230,8230,18,102226,1482480.0,OI1401
2013-07-11 11:07:00,8230,8232,8230,8232,56,102236,4612160.0,OI1401
2013-07-11 11:08:00,8230,8230,8230,8230,6,102236,494160.0,OI1401
2013-07-11 11:09:00,8232,8232,8230,8230,4,102236,329440.0,OI1401
2013-07-11 11:10:00,8230,8234,8230,8234,84,102238,6918240.0,OI1401
2013-07-11 11:11:00,8234,8234,8234,8234,20,102242,1647200.0,OI1401
2013-07-11 11:12:00,8236,8236,8236,8236,24,102224,1976640.0,OI1401
2013-07-11 11:13:00,8236,8236,8234,8234,44,102246,3623840.0,OI1401
2013-07-11 11:14:00,8234,8236,8234,8236,64,102226,5271040.0,OI1401
2013-07-11 11:15:00,8236,8236,8234,8236,120,102198,9883200.0,OI1401
2013-07-11 11:16:00,8236,8248,8236,8246,496,102278,40850560.0,OI1401
2013-07-11 11:17:00,8248,8248,8244,8246,294,102284,24213840.0,OI1401
2013-07-11 11:18:00,8246,8248,8244,8246,94,102276,7741840.0,OI1401
2013-07-11 11:19:00,8246,8246,8242,8244,202,102292,16636720.0,OI1401
2013-07-11 11:20:00,8244,8244,8242,8244,138,102312,11365680.0,OI1401
2013-07-11 11:21:00,8244,8246,8242,8246,140,102326,11530400.0,OI1401
2013-07-11 11:22:00,8246,8246,8242,8244,64,102298,5271040.0,OI1401
2013-07-11 11:23:00,8242,8244,8242,8242,18,102312,1482480.0,OI1401
2013-07-11 11:24:00,8244,8246,8242,8246,252,102174,20754720.0,OI1401
2013-07-11 11:25:00,8246,8246,8240,8240,116,102148,9553760.0,OI1401
2013-07-11 11:26:00,8240,8240,8236,8236,142,102118,11695120.0,OI1401
2013-07-11 11:27:00,8236,8240,8234,8234,238,102114,19601680.0,OI1401
2013-07-11 11:28:00,8234,8234,8228,8230,206,102104,16966160.0,OI1401
2013-07-11 11:29:00,8230,8234,8230,8232,86,102102,7082960.0,OI1401
2013-07-11 13:30:00,8236,8246,8236,8246,240,102124,19766400.0,OI1401
2013-07-11 13:31:00,8246,8248,8244,8246,256,102180,21084160.0,OI1401
2013-07-11 13:32:00,8246,8248,8244,8246,78,102244,6424080.0,OI1401
2013-07-11 13:33:00,8248,8248,8244,8246,130,102268,10709240.0,OI1401
2013-07-11 13:34:00,8244,8248,8244,8248,196,102388,16146480.0,OI1401
2013-07-11 13:35:00,8246,8248,8242,8242,246,102496,20265480.0,OI1401
2013-07-11 13:36:00,8242,8246,8242,8246,156,102544,12851280.0,OI1401
2013-07-11 13:37:00,8246,8252,8246,8252,610,102482,50251800.0,OI1401
2013-07-11 13:38:00,8252,8258,8250,8258,722,102360,59478360.0,OI1401
2013-07-11 13:39:00,8258,8268,8258,8268,918,102072,75639120.0,OI1401
2013-07-11 13:40:00,8268,8268,8260,8260,228,102014,18787200.0,OI1401
2013-07-11 13:41:00,8262,8264,8256,8256,290,102068,23896000.0,OI1401
2013-07-11 13:42:00,8256,8264,8256,8258,236,102178,19448280.0,OI1401
2013-07-11 13:43:00,8258,8260,8258,8258,130,102138,10714600.0,OI1401
2013-07-11 13:44:00,8260,8262,8258,8260,300,102188,24726000.0,OI1401
2013-07-11 13:45:00,8260,8260,8258,8260,180,102202,14835600.0,OI1401
2013-07-11 13:46:00,8258,8260,8252,8252,188,102222,15494960.0,OI1401
2013-07-11 13:47:00,8252,8254,8250,8254,130,102188,10714600.0,OI1401
2013-07-11 13:48:00,8252,8258,8252,8258,76,102178,6263920.0,OI1401
2013-07-11 13:49:00,8258,8258,8254,8256,70,102190,5769400.0,OI1401
2013-07-11 13:50:00,8256,8260,8254,8258,252,102346,20769840.0,OI1401
2013-07-11 13:51:00,8260,8260,8256,8256,36,102340,2967120.0,OI1401
2013-07-11 13:52:00,8254,8258,8254,8258,70,102344,5769400.0,OI1401
2013-07-11 13:53:00,8258,8260,8256,8256,162,102418,13352040.0,OI1401
2013-07-11 13:54:00,8256,8258,8256,8258,96,102392,7912320.0,OI1401
2013-07-11 13:55:00,8258,8258,8256,8258,174,102398,14341080.0,OI1401
2013-07-11 13:56:00,8258,8260,8258,8260,366,102660,30168360.0,OI1401
2013-07-11 13:57:00,8260,8264,8260,8262,328,102794,27040320.0,OI1401
2013-07-11 13:58:00,8262,8264,8262,8262,254,102808,20939760.0,OI1401
2013-07-11 13:59:00,8262,8262,8258,8260,164,102788,13520160.0,OI1401
2013-07-11 14:00:00,8260,8264,8260,8260,178,102774,14674320.0,OI1401
2013-07-11 14:01:00,8260,8270,8260,8268,328,102768,27040320.0,OI1401
2013-07-11 14:02:00,8268,8268,8266,8268,204,102874,16817760.0,OI1401
2013-07-11 14:03:00,8268,8280,8268,8280,616,102940,50787960.0,OI1401
2013-07-11 14:04:00,8280,8286,8278,8282,754,102924,62174840.0,OI1401
2013-07-11 14:05:00,8280,8282,8272,8276,432,102778,35626000.0,OI1401
2013-07-11 14:06:00,8276,8276,8268,8268,278,102846,22929440.0,OI1401
2013-07-11 14:07:00,8266,8268,8260,8266,456,102850,37610880.0,OI1401
2013-07-11 14:08:00,8266,8266,8262,8262,282,102896,23259360.0,OI1401
2013-07-11 14:09:00,8262,8264,8258,8258,554,102848,45693920.0,OI1401
2013-07-11 14:10:00,8258,8260,8256,8256,266,102798,21939680.0,OI1401
2013-07-11 14:11:00,8260,8260,8258,8258,108,102742,8907840.0,OI1401
2013-07-11 14:12:00,8258,8260,8258,8258,52,102720,4288960.0,OI1401
2013-07-11 14:13:00,8260,8260,8254,8256,202,102748,16660960.0,OI1401
2013-07-11 14:14:00,8256,8258,8252,8252,240,102794,19795200.0,OI1401
2013-07-11 14:15:00,8254,8256,8254,8256,164,102834,13526720.0,OI1401
2013-07-11 14:16:00,8256,8258,8254,8258,58,102858,4783840.0,OI1401
2013-07-11 14:17:00,8254,8256,8252,8254,136,102934,11217280.0,OI1401
2013-07-11 14:18:00,8252,8254,8250,8252,204,103022,16825920.0,OI1401
2013-07-11 14:19:00,8252,8252,8248,8250,308,103178,25403840.0,OI1401
2013-07-11 14:20:00,8248,8250,8246,8248,184,103254,15176320.0,OI1401
2013-07-11 14:21:00,8248,8250,8248,8248,148,103338,12207040.0,OI1401
2013-07-11 14:22:00,8250,8252,8250,8252,190,103424,15671200.0,OI1401
2013-07-11 14:23:00,8252,8252,8250,8250,210,103526,17320800.0,OI1401
2013-07-11 14:24:00,8250,8252,8250,8252,70,103530,5773600.0,OI1401
2013-07-11 14:25:00,8252,8252,8250,8252,30,103538,2474400.0,OI1401
2013-07-11 14:26:00,8252,8254,8252,8254,106,103594,8742880.0,OI1401
2013-07-11 14:27:00,8256,8256,8252,8252,70,103592,5773600.0,OI1401
2013-07-11 14:28:00,8252,8254,8252,8252,64,103592,5278720.0,OI1401
2013-07-11 14:29:00,8252,8256,8252,8256,126,103602,10392480.0,OI1401
2013-07-11 14:30:00,8256,8258,8254,8256,68,103620,5608640.0,OI1401
2013-07-11 14:31:00,8256,8256,8254,8256,36,103622,2969280.0,OI1401
2013-07-11 14:32:00,8256,8256,8254,8256,202,103552,16660960.0,OI1401
2013-07-11 14:33:00,8254,8254,8254,8254,30,103522,2474400.0,OI1401
2013-07-11 14:34:00,8254,8256,8254,8256,48,103514,3959040.0,OI1401
2013-07-11 14:35:00,8254,8254,8254,8254,80,103454,6599440.0,OI1401
2013-07-11 14:36:00,8254,8254,8254,8254,34,103436,2805000.0,OI1401
2013-07-11 14:37:00,8254,8258,8254,8258,216,103498,17820000.0,OI1401
2013-07-11 14:38:00,8256,8258,8256,8256,24,103500,1980000.0,OI1401
2013-07-11 14:39:00,8256,8258,8256,8256,202,103622,16665000.0,OI1401
2013-07-11 14:40:00,8256,8258,8256,8256,154,103706,12705000.0,OI1401
2013-07-11 14:41:00,8256,8258,8256,8258,18,103716,1485000.0,OI1401
2013-07-11 14:42:00,8258,8258,8256,8256,394,103710,32505000.0,OI1401
2013-07-11 14:43:00,8256,8258,8256,8258,106,103808,8745000.0,OI1401
2013-07-11 14:44:00,8256,8256,8256,8256,86,103810,7095000.0,OI1401
2013-07-11 14:45:00,8256,8256,8256,8256,200,103870,16500000.0,OI1401
2013-07-11 14:46:00,8256,8258,8256,8256,134,103874,11055000.0,OI1401
2013-07-11 14:47:00,8258,8258,8256,8258,132,103898,10890000.0,OI1401
2013-07-11 14:48:00,8258,8258,8258,8258,28,103884,2310000.0,OI1401
2013-07-11 14:49:00,8256,8256,8256,8256,46,103888,3795000.0,OI1401
2013-07-11 14:50:00,8258,8258,8250,8252,356,104028,29370000.0,OI1401
2013-07-11 14:51:00,8250,8252,8250,8250,68,104032,5610000.0,OI1401
2013-07-11 14:52:00,8250,8254,8250,8252,142,104058,11715000.0,OI1401
2013-07-11 14:53:00,8252,8254,8252,8252,230,104150,18975000.0,OI1401
2013-07-11 14:54:00,8252,8252,8250,8250,84,104120,6930000.0,OI1401
2013-07-11 14:55:00,8254,8254,8252,8252,180,104178,14850000.0,OI1401
2013-07-11 14:56:00,8252,8252,8250,8250,74,104178,6105000.0,OI1401
2013-07-11 14:57:00,8252,8252,8250,8252,134,104214,11055000.0,OI1401
2013-07-11 14:58:00,8252,8252,8248,8248,442,104162,36465000.0,OI1401
2013-07-11 14:59:00,8248,8250,8244,8244,652,103990,53790000.0,OI1401
2013-07-12 09:00:00,8220,8222,8212,8220,708,104130,58198920.0,OI1401
2013-07-12 09:01:00,8216,8244,8216,8220,692,103868,56896680.0,OI1401
2013-07-12 09:02:00,8222,8224,8216,8216,166,103906,13651840.0,OI1401
2013-07-12 09:03:00,8216,8218,8214,8218,200,103962,16448000.0,OI1401
2013-07-12 09:04:00,8218,8230,8218,8230,336,103874,27628240.0,OI1401
2013-07-12 09:05:00,8230,8232,8222,8224,286,103884,23520640.0,OI1401
2013-07-12 09:06:00,8220,8226,8218,8224,238,103892,19573120.0,OI1401
2013-07-12 09:07:00,8224,8228,8224,8228,162,103834,13322880.0,OI1401
2013-07-12 09:08:00,8228,8230,8226,8230,94,103816,7730560.0,OI1401
2013-07-12 09:09:00,8232,8232,8224,8226,116,103840,9539840.0,OI1401
2013-07-12 09:10:00,8226,8228,8226,8228,106,103834,8717440.0,OI1401
2013-07-12 09:11:00,8226,8228,8224,8226,122,103842,10033280.0,OI1401
2013-07-12 09:12:00,8224,8228,8224,8228,162,103910,13322880.0,OI1401
2013-07-12 09:13:00,8228,8230,8226,8228,158,103868,12993920.0,OI1401
2013-07-12 09:14:00,8226,8228,8226,8228,28,103862,2302720.0,OI1401
2013-07-12 09:15:00,8226,8228,8224,8224,186,103948,15296640.0,OI1401
2013-07-12 09:16:00,8224,8226,8220,8220,250,104002,20560000.0,OI1401
2013-07-12 09:17:00,8220,8222,8218,8220,290,104076,23849600.0,OI1401
2013-07-12 09:18:00,8220,8220,8206,8208,590,104160,48521600.0,OI1401
2013-07-12 09:19:00,8206,8208,8192,8196,1004,104414,82540440.0,OI1401
2013-07-12 09:20:00,8196,8204,8196,8202,402,104516,33038080.0,OI1401
2013-07-12 09:21:00,8202,8202,8196,8198,298,104568,24489640.0,OI1401
2013-07-12 09:22:00,8198,8200,8196,8200,422,104810,34674360.0,OI1401
2013-07-12 09:23:00,8200,8200,8198,8198,196,104918,16103360.0,OI1401
2013-07-12 09:24:00,8200,8200,8198,8198,126,104994,10352160.0,OI1401
2013-07-12 09:25:00,8198,8200,8196,8196,266,105206,21854560.0,OI1401
2013-07-12 09:26:00,8198,8200,8186,8186,794,105682,65218040.0,OI1401
2013-07-12 09:27:00,8188,8194,8184,8190,486,105770,39910320.0,OI1401
2013-07-12 09:28:00,8190,8196,8190,8196,250,105802,20530000.0,OI1401
2013-07-12 09:29:00,8196,8196,8192,8192,80,105788,6568560.0,OI1401
2013-07-12 09:30:00,8192,8200,8190,8198,170,105720,13957000.0,OI1401
2013-07-12 09:31:00,8198,8198,8196,8196,70,105722,5747000.0,OI1401
2013-07-12 09:32:00,8196,8200,8194,8196,112,105740,9195200.0,OI1401
2013-07-12 09:33:00,8196,8196,8194,8194,52,105732,4269200.0,OI1401
2013-07-12 09:34:00,8194,8194,8188,8192,354,105914,29063400.0,OI1401
2013-07-12 09:35:00,8192,8192,8188,8190,100,105976,8210000.0,OI1401
2013-07-12 09:36:00,8192,8194,8192,8194,58,105984,4761800.0,OI1401
2013-07-12 09:37:00,8194,8194,8190,8192,118,105988,9687800.0,OI1401
2013-07-12 09:38:00,8192,8194,8190,8190,32,106004,2627200.0,OI1401
2013-07-12 09:39:00,8192,8192,8190,8192,116,106052,9522720.0,OI1401
2013-07-12 09:40:00,8190,8190,8186,8186,298,106272,24459840.0,OI1401
2013-07-12 09:41:00,8186,8188,8180,8184,300,106372,24624000.0,OI1401
2013-07-12 09:42:00,8184,8184,8172,8174,972,106802,79767680.0,OI1401
2013-07-12 09:43:00,8174,8176,8166,8172,932,107338,76459600.0,OI1401
2013-07-12 09:44:00,8168,8172,8164,8166,900,107754,73813920.0,OI1401
2013-07-12 09:45:00,8164,8172,8164,8172,856,108088,70187560.0,OI1401
2013-07-12 09:46:00,8172,8174,8168,8172,330,108256,27053400.0,OI1401
2013-07-12 09:47:00,8172,8174,8168,8168,150,108242,12297000.0,OI1401
2013-07-12 09:48:00,8168,8170,8168,8170,194,108350,15904120.0,OI1401
2013-07-12 09:49:00,8168,8172,8168,8172,172,108432,14100560.0,OI1401
2013-07-12 09:50:00,8172,8172,8170,8172,174,108524,14261840.0,OI1401
2013-07-12 09:51:00,8172,8172,8168,8168,232,108540,19014720.0,OI1401
2013-07-12 09:52:00,8172,8176,8168,8176,400,108500,32784000.0,OI1401
2013-07-12 09:53:00,8176,8176,8170,8172,306,108434,25079760.0,OI1401
2013-07-12 09:54:00,8172,8174,8170,8170,414,108558,33929480.0,OI1401
2013-07-12 09:55:00,8170,8170,8166,8168,280,108762,22943200.0,OI1401
2013-07-12 09:56:00,8170,8172,8168,8172,120,108782,9832800.0,OI1401
2013-07-12 09:57:00,8174,8174,8170,8174,130,108870,10652200.0,OI1401
2013-07-12 09:58:00,8172,8176,8168,8168,524,108912,42936560.0,OI1401
2013-07-12 09:59:00,8168,8174,8168,8172,324,109056,26548560.0,OI1401
2013-07-12 10:00:00,8172,8174,8168,8168,340,109252,27854520.0,OI1401
2013-07-12 10:01:00,8168,8168,8146,8158,1340,109804,109764760.0,OI1401
2013-07-12 10:02:00,8162,8162,8146,8156,982,110276,80422160.0,OI1401
2013-07-12 10:03:00,8158,8160,8156,8158,402,110492,32915760.0,OI1401
2013-07-12 10:04:00,8158,8158,8152,8154,322,110632,26365360.0,OI1401
2013-07-12 10:05:00,8154,8158,8154,8158,196,110696,16048480.0,OI1401
2013-07-12 10:06:00,8158,8160,8154,8158,160,110778,13100800.0,OI1401
2013-07-12 10:07:00,8158,8158,8154,8156,226,110862,18503000.0,OI1401
2013-07-12 10:08:00,8156,8158,8154,8156,122,110886,9986920.0,OI1401
2013-07-12 10:09:00,8156,8170,8156,8166,662,110788,54191320.0,OI1401
2013-07-12 10:10:00,8166,8192,8166,8184,1614,110114,132122040.0,OI1401
2013-07-12 10:11:00,8184,8184,8174,8178,780,109940,63850800.0,OI1401
2013-07-12 10:12:00,8178,8178,8172,8174,512,109832,41912320.0,OI1401
2013-07-12 10:13:00,8172,8182,8172,8180,244,109732,19973840.0,OI1401
2013-07-12 10:14:00,8178,8182,8176,8178,628,109566,51408080.0,OI1401
2013-07-12 10:30:00,8176,8176,8170,8172,172,109522,14079920.0,OI1401
2013-07-12 10:31:00,8170,8170,8160,8160,1126,109894,92152120.0,OI1401
2013-07-12 10:32:00,8160,8168,8160,8162,698,109550,57124320.0,OI1401
2013-07-12 10:33:00,8160,8168,8160,8164,150,109596,12276000.0,OI1401
2013-07-12 10:34:00,8166,8170,8164,8168,454,109808,37155360.0,OI1401
2013-07-12 10:35:00,8168,8172,8166,8172,366,110002,29953440.0,OI1401
2013-07-12 10:36:00,8172,8174,8170,8170,228,110046,18659520.0,OI1401
2013-07-12 10:37:00,8172,8174,8170,8174,254,110134,20787360.0,OI1401
2013-07-12 10:38:00,8174,8174,8172,8172,146,110186,11948640.0,OI1401
2013-07-12 10:39:00,8170,8172,8168,8170,158,110230,12930280.0,OI1401
2013-07-12 10:40:00,8168,8170,8164,8168,190,110330,15545800.0,OI1401
2013-07-12 10:41:00,8166,8170,8166,8170,98,110372,8018360.0,OI1401
2013-07-12 10:42:00,8170,8172,8168,8172,186,110248,15218520.0,OI1401
2013-07-12 10:43:00,8172,8172,8170,8170,106,110242,8672920.0,OI1401
2013-07-12 10:44:00,8170,8172,8170,8170,92,110270,7527440.0,OI1401
2013-07-12 10:45:00,8170,8172,8170,8170,76,110226,6218320.0,OI1401
2013-07-12 10:46:00,8172,8172,8172,8172,62,110198,5072840.0,OI1401
2013-07-12 10:47:00,8172,8172,8170,8170,34,110200,2781880.0,OI1401
2013-07-12 10:48:00,8170,8172,8170,8170,96,110236,7854720.0,OI1401
2013-07-12 10:49:00,8170,8172,8168,8170,76,110246,6218320.0,OI1401
2013-07-12 10:50:00,8170,8176,8170,8176,314,110304,25691480.0,OI1401
2013-07-12 10:51:00,8176,8180,8176,8178,190,110296,15545800.0,OI1401
2013-07-12 10:52:00,8176,8178,8176,8178,164,110198,13418480.0,OI1401
2013-07-12 10:53:00,8176,8178,8176,8178,208,110180,17018560.0,OI1401
2013-07-12 10:54:00,8180,8194,8178,8192,966,110034,79038120.0,OI1401
2013-07-12 10:55:00,8194,8196,8188,8190,466,109996,38128120.0,OI1401
2013-07-12 10:56:00,8188,8190,8186,8186,166,109930,13582120.0,OI1401
2013-07-12 10:57:00,8186,8188,8186,8188,166,109988,13582120.0,OI1401
2013-07-12 10:58:00,8188,8190,8188,8188,134,109936,10963880.0,OI1401
2013-07-12 10:59:00,8188,8190,8186,8186,90,109908,7363800.0,OI1401
2013-07-12 11:00:00,8188,8188,8182,8182,136,109892,11127520.0,OI1401
2013-07-12 11:01:00,8182,8182,8178,8180,92,109912,7527440.0,OI1401
2013-07-12 11:02:00,8180,8180,8176,8178,240,109864,19636800.0,OI1401
2013-07-12 11:03:00,8178,8182,8178,8182,194,109826,15873080.0,OI1401
2013-07-12 11:04:00,8180,8182,8180,8180,32,109806,2618240.0,OI1401
2013-07-12 11:05:00,8180,8182,8180,8182,62,109808,5072840.0,OI1401
2013-07-12 11:06:00,8182,8184,8182,8182,104,109814,8509280.0,OI1401
2013-07-12 11:07:00,8182,8184,8180,8180,70,109792,5727400.0,OI1401
2013-07-12 11:08:00,8180,8180,8178,8178,232,109780,18982240.0,OI1401
2013-07-12 11:09:00,8178,8178,8176,8178,110,109784,9000200.0,OI1401
2013-07-12 11:10:00,8178,8178,8174,8174,158,109802,12927560.0,OI1401
2013-07-12 11:11:00,8176,8178,8174,8176,60,109808,4909200.0,OI1401
2013-07-12 11:12:00,8178,8178,8174,8176,50,109792,4091000.0,OI1401
2013-07-12 11:13:00,8176,8180,8176,8178,504,109832,41237280.0,OI1401
2013-07-12 11:14:00,8180,8182,8178,8178,206,109800,16854920.0,OI1401
2013-07-12 11:15:00,8180,8180,8178,8178,30,109810,2454600.0,OI1401
2013-07-12 11:16:00,8178,8180,8178,8178,54,109806,4418280.0,OI1401
2013-07-12 11:17:00,8180,8182,8180,8182,54,109834,4418280.0,OI1401
2013-07-12 11:18:00,8182,8182,8178,8178,46,109832,3763720.0,OI1401
2013-07-12 11:19:00,8178,8180,8176,8176,50,109860,4091000.0,OI1401
2013-07-12 11:20:00,8176,8180,8176,8180,44,109876,3600080.0,OI1401
2013-07-12 11:21:00,8180,8180,8178,8178,66,109878,5400120.0,OI1401
2013-07-12 11:22:00,8178,8186,8178,8186,140,109824,11454800.0,OI1401
2013-07-12 11:23:00,8186,8186,8182,8186,252,109796,20618640.0,OI1401
2013-07-12 11:24:00,8184,8188,8184,8184,244,109778,19964080.0,OI1401
2013-07-12 11:25:00,8186,8186,8182,8182,146,109748,11945720.0,OI1401
2013-07-12 11:26:00,8182,8184,8182,8184,22,109752,1800040.0,OI1401
2013-07-12 11:27:00,8184,8186,8182,8186,36,109742,2945520.0,OI1401
2013-07-12 11:28:00,8186,8186,8182,8184,122,109730,9982040.0,OI1401
2013-07-12 11:29:00,8184,8184,8178,8178,332,109564,27164240.0,OI1401
2013-07-12 13:30:00,8176,8178,8174,8176,108,109570,8836560.0,OI1401
2013-07-12 13:31:00,8176,8178,8174,8178,156,109582,12763920.0,OI1401
2013-07-12 13:32:00,8178,8182,8178,8182,60,109578,4909200.0,OI1401
2013-07-12 13:33:00,8182,8182,8182,8182,18,109580,1472760.0,OI1401
2013-07-12 13:34:00,8184,8184,8180,8180,74,109528,6054680.0,OI1401
2013-07-12 13:35:00,8180,8184,8178,8184,64,109522,5236480.0,OI1401
2013-07-12 13:36:00,8182,8186,8180,8182,106,109464,8672920.0,OI1401
2013-07-12 13:37:00,8180,8180,8178,8180,182,109442,14891240.0,OI1401
2013-07-12 13:38:00,8180,8182,8178,8182,120,109432,9818400.0,OI1401
2013-07-12 13:39:00,8180,8180,8178,8180,26,109424,2127320.0,OI1401
2013-07-12 13:40:00,8182,8182,8178,8180,72,109414,5891040.0,OI1401
2013-07-12 13:41:00,8178,8180,8178,8178,78,109376,6381960.0,OI1401
2013-07-12 13:42:00,8176,8180,8176,8178,106,109378,8672920.0,OI1401
2013-07-12 13:43:00,8180,8180,8178,8180,40,109368,3272800.0,OI1401
2013-07-12 13:44:00,8178,8178,8176,8176,120,109312,9818400.0,OI1401
2013-07-12 13:45:00,8176,8178,8174,8176,226,109290,18491320.0,OI1401
2013-07-12 13:46:00,8176,8178,8174,8174,66,109308,5400120.0,OI1401
2013-07-12 13:47:00,8176,8176,8174,8174,74,109288,6054680.0,OI1401
2013-07-12 13:48:00,8174,8174,8172,8174,106,109296,8672920.0,OI1401
2013-07-12 13:49:00,8174,8176,8172,8176,126,109320,10309320.0,OI1401
2013-07-12 13:50:00,8176,8176,8174,8174,58,109330,4745560.0,OI1401
2013-07-12 13:51:00,8174,8176,8174,8174,32,109328,2618240.0,OI1401
2013-07-12 13:52:00,8174,8176,8174,8176,80,109326,6545600.0,OI1401
2013-07-12 13:53:00,8174,8176,8174,8176,54,109342,4418280.0,OI1401
2013-07-12 13:54:00,8176,8176,8174,8176,156,109330,12763920.0,OI1401
2013-07-12 13:55:00,8176,8178,8174,8176,32,109322,2618240.0,OI1401
2013-07-12 13:56:00,8176,8178,8176,8178,62,109292,5072840.0,OI1401
2013-07-12 13:57:00,8178,8178,8172,8174,94,109244,7691080.0,OI1401
2013-07-12 13:58:00,8174,8176,8174,8176,72,109240,5891040.0,OI1401
2013-07-12 13:59:00,8176,8176,8176,8176,42,109232,3436440.0,OI1401
2013-07-12 14:00:00,8174,8176,8174,8174,232,109160,18982240.0,OI1401
2013-07-12 14:01:00,8174,8176,8174,8176,218,108958,17836760.0,OI1401
2013-07-12 14:02:00,8176,8178,8174,8174,138,108936,11291160.0,OI1401
2013-07-12 14:03:00,8176,8176,8174,8176,104,108904,8509280.0,OI1401
2013-07-12 14:04:00,8174,8176,8174,8174,24,108892,1963680.0,OI1401
2013-07-12 14:05:00,8174,8176,8174,8176,22,108890,1800040.0,OI1401
2013-07-12 14:06:00,8176,8178,8176,8178,206,108820,16854920.0,OI1401
2013-07-12 14:07:00,8180,8180,8178,8180,98,108756,8018360.0,OI1401
2013-07-12 14:08:00,8180,8186,8180,8182,206,108738,16854920.0,OI1401
2013-07-12 14:09:00,8182,8184,8182,8184,180,108626,14727600.0,OI1401
2013-07-12 14:10:00,8184,8184,8182,8184,42,108644,3436440.0,OI1401
2013-07-12 14:11:00,8184,8186,8184,8186,172,108646,14073040.0,OI1401
2013-07-12 14:12:00,8184,8188,8184,8188,266,108540,21764120.0,OI1401
2013-07-12 14:13:00,8188,8188,8186,8188,36,108532,2945520.0,OI1401
2013-07-12 14:14:00,8188,8190,8186,8188,134,108446,10963880.0,OI1401
2013-07-12 14:15:00,8188,8190,8188,8188,220,108420,18000400.0,OI1401
2013-07-12 14:16:00,8190,8190,8188,8188,126,108422,10309320.0,OI1401
2013-07-12 14:17:00,8188,8188,8186,8188,138,108354,11291160.0,OI1401
2013-07-12 14:18:00,8186,8188,8186,8186,188,108176,15382160.0,OI1401
2013-07-12 14:19:00,8188,8188,8186,8188,58,108140,4745560.0,OI1401
2013-07-12 14:20:00,8188,8188,8186,8186,46,108108,3763720.0,OI1401
2013-07-12 14:21:00,8186,8186,8178,8180,706,107608,57764920.0,OI1401
2013-07-12 14:22:00,8180,8180,8178,8178,66,107586,5400120.0,OI1401
2013-07-12 14:23:00,8178,8180,8178,8180,36,107576,2945520.0,OI1401
2013-07-12 14:24:00,8180,8180,8180,8180,22,107576,1800040.0,OI1401
2013-07-12 14:25:00,8178,8180,8178,8178,34,107548,2781880.0,OI1401
2013-07-12 14:26:00,8176,8178,8172,8172,136,107642,11127520.0,OI1401
2013-07-12 14:27:00,8174,8174,8172,8174,56,107622,4581920.0,OI1401
2013-07-12 14:28:00,8176,8176,8174,8174,80,107640,6545600.0,OI1401
2013-07-12 14:29:00,8176,8178,8176,8178,20,107634,1636400.0,OI1401
2013-07-12 14:30:00,8176,8178,8176,8178,90,107634,7363800.0,OI1401
2013-07-12 14:31:00,8178,8178,8176,8178,10,107630,818200.0,OI1401
2013-07-12 14:32:00,8178,8178,8178,8178,24,107628,1963680.0,OI1401
2013-07-12 14:33:00,8178,8178,8176,8176,110,107638,9000200.0,OI1401
2013-07-12 14:34:00,8176,8178,8176,8178,26,107642,2127320.0,OI1401
2013-07-12 14:35:00,8178,8180,8176,8178,90,107644,7363800.0,OI1401
2013-07-12 14:36:00,8178,8178,8174,8176,94,107576,7691080.0,OI1401
2013-07-12 14:37:00,8176,8180,8176,8176,120,107630,9818400.0,OI1401
2013-07-12 14:38:00,8176,8178,8176,8176,26,107636,2127320.0,OI1401
2013-07-12 14:39:00,8176,8178,8176,8176,54,107634,4418280.0,OI1401
2013-07-12 14:40:00,8178,8178,8176,8176,54,107640,4418280.0,OI1401
2013-07-12 14:41:00,8176,8178,8176,8176,26,107646,2127320.0,OI1401
2013-07-12 14:42:00,8178,8178,8176,8178,24,107630,1963680.0,OI1401
2013-07-12 14:43:00,8176,8176,8168,8168,432,107634,35346240.0,OI1401
2013-07-12 14:44:00,8170,8172,8168,8170,332,107488,27164240.0,OI1401
2013-07-12 14:45:00,8170,8170,8166,8168,526,107322,43037320.0,OI1401
2013-07-12 14:46:00,8168,8174,8168,8174,76,107304,6218320.0,OI1401
2013-07-12 14:47:00,8176,8178,8174,8174,72,107280,5891040.0,OI1401
2013-07-12 14:48:00,8174,8178,8172,8178,110,107320,9000200.0,OI1401
2013-07-12 14:49:00,8178,8178,8176,8176,122,107344,9982040.0,OI1401
2013-07-12 14:50:00,8176,8176,8174,8176,30,107334,2454600.0,OI1401
2013-07-12 14:51:00,8174,8174,8174,8174,62,107312,5072840.0,OI1401
2013-07-12 14:52:00,8174,8176,8174,8176,58,107270,4745560.0,OI1401
2013-07-12 14:53:00,8174,8174,8174,8174,16,107274,1309120.0,OI1401
2013-07-12 14:54:00,8172,8174,8172,8172,96,107294,7854720.0,OI1401
2013-07-12 14:55:00,8170,8174,8168,8168,362,107302,29618840.0,OI1401
2013-07-12 14:56:00,8168,8172,8168,8172,150,107224,12273000.0,OI1401
2013-07-12 14:57:00,8170,8176,8168,8172,448,107282,36655360.0,OI1401
2013-07-12 14:58:00,8176,8180,8174,8178,710,106748,58092200.0,OI1401
2013-07-12 14:59:00,8178,8182,8176,8176,570,106474,46637400.0,OI1401
2013-07-15 09:00:00,8158,8168,8152,8160,592,106380,48309520.0,OI1401
2013-07-15 09:01:00,8160,8164,8158,8164,760,106316,62031680.0,OI1401
2013-07-15 09:02:00,8164,8164,8156,8156,1790,105296,146099800.0,OI1401
2013-07-15 09:03:00,8154,8160,8152,8154,568,105310,46351160.0,OI1401
2013-07-15 09:04:00,8154,8154,8148,8150,594,105392,48470400.0,OI1401
2013-07-15 09:05:00,8148,8156,8148,8154,616,105340,50255000.0,OI1401
2013-07-15 09:06:00,8154,8158,8152,8158,352,105242,28716160.0,OI1401
2013-07-15 09:07:00,8158,8160,8154,8154,512,105188,41768960.0,OI1401
2013-07-15 09:08:00,8156,8158,8152,8158,312,105228,25452960.0,OI1401
2013-07-15 09:09:00,8158,8160,8156,8156,92,105286,7505360.0,OI1401
2013-07-15 09:10:00,8156,8158,8154,8156,342,105246,27900360.0,OI1401
2013-07-15 09:11:00,8156,8166,8156,8166,780,104692,63632400.0,OI1401
2013-07-15 09:12:00,8166,8168,8160,8160,336,104626,27410880.0,OI1401
2013-07-15 09:13:00,8160,8162,8156,8158,428,104508,34916240.0,OI1401
2013-07-15 09:14:00,8160,8162,8158,8162,240,104498,19579200.0,OI1401
2013-07-15 09:15:00,8164,8164,8160,8162,138,104426,11258040.0,OI1401
2013-07-15 09:16:00,8160,8162,8158,8162,466,104344,38016280.0,OI1401
2013-07-15 09:17:00,8162,8166,8160,8166,202,104264,16479160.0,OI1401
2013-07-15 09:18:00,8164,8166,8160,8160,506,104106,41286240.0,OI1401
2013-07-15 09:19:00,8160,8162,8158,8158,474,104014,38678400.0,OI1401
2013-07-15 09:20:00,8156,8160,8156,8158,366,103884,29865600.0,OI1401
2013-07-15 09:21:00,8160,8160,8158,8158,180,103866,14688000.0,OI1401
2013-07-15 09:22:00,8158,8164,8158,8164,932,103556,76051200.0,OI1401
2013-07-15 09:23:00,8164,8164,8162,8164,400,103206,32640000.0,OI1401
2013-07-15 09:24:00,8164,8166,8162,8162,82,103154,6691200.0,OI1401
2013-07-15 09:25:00,8162,8166,8162,8166,130,103162,10608000.0,OI1401
2013-07-15 09:26:00,8166,8166,8164,8166,66,103186,5385600.0,OI1401
2013-07-15 09:27:00,8166,8190,8164,8180,714,102872,58262400.0,OI1401
2013-07-15 09:28:00,8182,8182,8180,8180,320,102866,26116040.0,OI1401
2013-07-15 09:29:00,8180,8188,8180,8186,282,102798,23016840.0,OI1401
2013-07-15 09:30:00,8186,8186,8178,8178,158,102822,12895960.0,OI1401
2013-07-15 09:31:00,8180,8180,8176,8178,114,102868,9304680.0,OI1401
2013-07-15 09:32:00,8178,8180,8178,8180,16,102872,1305920.0,OI1401
2013-07-15 09:33:00,8178,8178,8174,8174,122,102886,9957640.0,OI1401
2013-07-15 09:34:00,8174,8174,8172,8174,72,102928,5876640.0,OI1401
2013-07-15 09:35:00,8176,8176,8172,8172,60,102950,4897200.0,OI1401
2013-07-15 09:36:00,8174,8174,8172,8174,34,102954,2775080.0,OI1401
2013-07-15 09:37:00,8176,8178,8176,8178,62,102926,5060440.0,OI1401
2013-07-15 09:38:00,8174,8176,8174,8176,26,102916,2122120.0,OI1401
2013-07-15 09:39:00,8176,8178,8174,8176,128,102922,10447360.0,OI1401
2013-07-15 09:40:00,8176,8176,8172,8174,52,102918,4244240.0,OI1401
2013-07-15 09:41:00,8174,8180,8174,8178,144,102980,11753280.0,OI1401
2013-07-15 09:42:00,8178,8200,8178,8192,528,102848,43104040.0,OI1401
2013-07-15 09:43:00,8190,8208,8190,8200,676,102644,55191800.0,OI1401
2013-07-15 09:44:00,8202,8218,8200,8214,1444,102402,117935240.0,OI1401
2013-07-15 09:45:00,8214,8216,8208,8208,866,102132,70754440.0,OI1401
2013-07-15 09:46:00,8208,8212,8208,8210,430,101974,35139600.0,OI1401
2013-07-15 09:47:00,8210,8210,8202,8204,506,101948,41351120.0,OI1401
2013-07-15 09:48:00,8204,8204,8198,8200,340,102050,27791600.0,OI1401
2013-07-15 09:49:00,8200,8204,8198,8200,366,102192,29916840.0,OI1401
2013-07-15 09:50:00,8198,8200,8194,8196,148,102156,12097520.0,OI1401
2013-07-15 09:51:00,8196,8198,8196,8196,60,102170,4904400.0,OI1401
2013-07-15 09:52:00,8196,8198,8196,8196,86,102158,7029640.0,OI1401
2013-07-15 09:53:00,8196,8196,8188,8190,220,102178,17982800.0,OI1401
2013-07-15 09:54:00,8190,8192,8190,8190,158,102236,12914920.0,OI1401
2013-07-15 09:55:00,8190,8190,8184,8184,232,102292,18963680.0,OI1401
2013-07-15 09:56:00,8186,8188,8184,8186,218,102344,17819320.0,OI1401
2013-07-15 09:57:00,8184,8188,8184,8184,106,102370,8665720.0,OI1401
2013-07-15 09:58:00,8184,8184,8182,8184,44,102406,3597440.0,OI1401
2013-07-15 09:59:00,8184,8188,8184,8186,116,102414,9484160.0,OI1401
2013-07-15 10:00:00,8186,8186,8184,8184,172,102418,14062720.0,OI1401
2013-07-15 10:01:00,8184,8184,8174,8174,344,102396,28125440.0,OI1401
2013-07-15 10:02:00,8174,8176,8172,8176,410,102432,33521600.0,OI1401
2013-07-15 10:03:00,8176,8178,8174,8178,204,102432,16679040.0,OI1401
2013-07-15 10:04:00,8176,8178,8172,8172,242,102386,19785920.0,OI1401
2013-07-15 10:05:00,8172,8176,8172,8174,56,102352,4578560.0,OI1401
2013-07-15 10:06:00,8176,8178,8174,8176,52,102342,4251520.0,OI1401
2013-07-15 10:07:00,8178,8180,8176,8176,140,102278,11446400.0,OI1401
2013-07-15 10:08:00,8178,8180,8178,8180,26,102282,2125760.0,OI1401
2013-07-15 10:09:00,8180,8180,8178,8178,108,102284,8830080.0,OI1401
2013-07-15 10:10:00,8178,8180,8178,8178,94,102316,7685440.0,OI1401
2013-07-15 10:11:00,8180,8180,8178,8180,152,102364,12427520.0,OI1401
2013-07-15 10:12:00,8180,8180,8178,8178,54,102368,4415040.0,OI1401
2013-07-15 10:13:00,8178,8178,8176,8178,142,102360,11609920.0,OI1401
2013-07-15 10:14:00,8178,8180,8178,8178,36,102336,2943360.0,OI1401
2013-07-15 10:30:00,8178,8180,8176,8178,76,102342,6213760.0,OI1401
2013-07-15 10:31:00,8178,8180,8178,8180,120,102422,9811200.0,OI1401
2013-07-15 10:32:00,8180,8180,8178,8180,128,102454,10465280.0,OI1401
2013-07-15 10:33:00,8180,8180,8178,8178,32,102478,2616320.0,OI1401
2013-07-15 10:34:00,8176,8180,8176,8180,48,102506,3924480.0,OI1401
2013-07-15 10:35:00,8180,8182,8180,8182,66,102450,5396160.0,OI1401
2013-07-15 10:36:00,8182,8182,8180,8180,130,102376,10628800.0,OI1401
2013-07-15 10:37:00,8180,8180,8178,8178,46,102378,3760960.0,OI1401
2013-07-15 10:38:00,8178,8180,8178,8180,30,102378,2452800.0,OI1401
2013-07-15 10:39:00,8178,8178,8176,8176,58,102418,4742080.0,OI1401
2013-07-15 10:41:00,8176,8178,8176,8178,88,102446,7194880.0,OI1401
2013-07-15 10:43:00,8178,8182,8178,8182,156,102466,12754560.0,OI1401
2013-07-15 10:44:00,8182,8184,8182,8182,198,102332,16188480.0,OI1401
2013-07-15 10:45:00,8182,8184,8182,8184,66,102312,5396160.0,OI1401
2013-07-15 10:46:00,8184,8184,8182,8182,10,102306,817600.0,OI1401
2013-07-15 10:47:00,8182,8184,8182,8184,100,102334,8176000.0,OI1401
2013-07-15 10:48:00,8186,8186,8182,8182,70,102326,5723200.0,OI1401
2013-07-15 10:49:00,8182,8182,8174,8174,272,102472,22238720.0,OI1401
2013-07-15 10:50:00,8174,8176,8172,8174,338,102380,27634880.0,OI1401
2013-07-15 10:51:00,8174,8174,8170,8170,106,102396,8666560.0,OI1401
2013-07-15 10:52:00,8170,8174,8170,8172,156,102448,12754560.0,OI1401
2013-07-15 10:53:00,8172,8172,8168,8168,276,102428,22565760.0,OI1401
2013-07-15 10:54:00,8166,8168,8162,8168,300,102436,24528000.0,OI1401
2013-07-15 10:55:00,8166,8174,8166,8174,212,102344,17333120.0,OI1401
2013-07-15 10:56:00,8174,8174,8170,8170,196,102490,16024960.0,OI1401
2013-07-15 10:57:00,8170,8172,8170,8170,76,102496,6213760.0,OI1401
2013-07-15 10:58:00,8170,8172,8170,8172,124,102484,10138240.0,OI1401
2013-07-15 10:59:00,8172,8174,8168,8168,136,102440,11119360.0,OI1401
2013-07-15 11:00:00,8168,8168,8160,8160,378,102584,30905280.0,OI1401
2013-07-15 11:01:00,8162,8168,8160,8166,164,102636,13408640.0,OI1401
2013-07-15 11:02:00,8166,8166,8164,8166,82,102632,6704320.0,OI1401
2013-07-15 11:03:00,8166,8166,8164,8166,32,102622,2616320.0,OI1401
2013-07-15 11:04:00,8166,8166,8164,8166,12,102622,981120.0,OI1401
2013-07-15 11:05:00,8166,8166,8166,8166,6,102624,490560.0,OI1401
2013-07-15 11:06:00,8166,8166,8166,8166,28,102606,2289280.0,OI1401
2013-07-15 11:07:00,8164,8166,8164,8164,78,102622,6377280.0,OI1401
2013-07-15 11:08:00,8164,8166,8164,8166,44,102626,3597440.0,OI1401
2013-07-15 11:09:00,8164,8166,8164,8166,78,102666,6377280.0,OI1401
2013-07-15 11:10:00,8166,8166,8164,8166,70,102674,5723200.0,OI1401
2013-07-15 11:11:00,8164,8166,8164,8164,32,102696,2616040.0,OI1401
2013-07-15 11:12:00,8164,8166,8164,8166,24,102690,1961760.0,OI1401
2013-07-15 11:13:00,8164,8164,8162,8164,30,102688,2452200.0,OI1401
2013-07-15 11:14:00,8164,8164,8162,8162,112,102694,9154880.0,OI1401
2013-07-15 11:15:00,8160,8168,8160,8168,258,102742,21088920.0,OI1401
2013-07-15 11:16:00,8168,8168,8166,8166,116,102728,9481840.0,OI1401
2013-07-15 11:17:00,8164,8166,8164,8166,18,102732,1471320.0,OI1401
2013-07-15 11:18:00,8166,8166,8166,8166,30,102760,2452200.0,OI1401
2013-07-15 11:19:00,8166,8166,8164,8164,14,102774,1144360.0,OI1401
2013-07-15 11:20:00,8164,8166,8160,8164,154,102862,12587960.0,OI1401
2013-07-15 11:21:00,8164,8164,8162,8162,22,102866,1798280.0,OI1401
2013-07-15 11:22:00,8162,8164,8162,8164,106,102906,8664440.0,OI1401
2013-07-15 11:23:00,8164,8164,8164,8164,12,102910,980880.0,OI1401
2013-07-15 11:24:00,8164,8164,8160,8164,80,102922,6539200.0,OI1401
2013-07-15 11:25:00,8162,8164,8162,8162,156,102984,12751440.0,OI1401
2013-07-15 11:26:00,8162,8164,8162,8162,108,102998,8827920.0,OI1401
2013-07-15 11:27:00,8164,8166,8164,8166,144,103070,11770560.0,OI1401
2013-07-15 11:28:00,8166,8166,8164,8166,32,103062,2615680.0,OI1401
2013-07-15 11:29:00,8164,8166,8164,8164,182,103036,14876680.0,OI1401
2013-07-15 13:30:00,8168,8168,8164,8166,34,103048,2779160.0,OI1401
2013-07-15 13:31:00,8166,8168,8164,8168,50,103090,4087000.0,OI1401
2013-07-15 13:32:00,8168,8168,8168,8168,2,103090,163480.0,OI1401
2013-07-15 13:33:00,8164,8168,8164,8166,34,103098,2779160.0,OI1401
2013-07-15 13:34:00,8164,8164,8164,8164,140,103234,11443600.0,OI1401
2013-07-15 13:35:00,8164,8166,8160,8162,152,103222,12424480.0,OI1401
2013-07-15 13:36:00,8162,8164,8160,8164,38,103224,3106120.0,OI1401
2013-07-15 13:37:00,8162,8162,8158,8158,198,103188,16184520.0,OI1401
2013-07-15 13:38:00,8158,8158,8156,8158,70,103194,5721800.0,OI1401
2013-07-15 13:39:00,8160,8162,8158,8160,148,103170,12097520.0,OI1401
2013-07-15 13:40:00,8160,8164,8158,8164,166,103156,13568840.0,OI1401
2013-07-15 13:41:00,8162,8164,8162,8162,24,103168,1961760.0,OI1401
2013-07-15 13:42:00,8162,8162,8158,8160,124,103148,10135760.0,OI1401
2013-07-15 13:43:00,8160,8162,8160,8162,56,103140,4577440.0,OI1401
2013-07-15 13:44:00,8162,8162,8162,8162,22,103134,1798280.0,OI1401
2013-07-15 13:45:00,8162,8162,8160,8162,44,103142,3596560.0,OI1401
2013-07-15 13:46:00,8160,8164,8160,8162,112,103200,9154880.0,OI1401
2013-07-15 13:47:00,8164,8166,8162,8162,22,103198,1798280.0,OI1401
2013-07-15 13:48:00,8166,8174,8166,8172,638,103058,52150120.0,OI1401
2013-07-15 13:49:00,8172,8172,8166,8168,246,102930,20108040.0,OI1401
2013-07-15 13:50:00,8170,8170,8168,8170,64,102960,5231360.0,OI1401
2013-07-15 13:51:00,8172,8172,8172,8172,10,102962,817400.0,OI1401
2013-07-15 13:52:00,8172,8172,8170,8170,18,102972,1471320.0,OI1401
2013-07-15 13:53:00,8168,8168,8166,8166,82,102974,6702680.0,OI1401
2013-07-15 13:54:00,8166,8168,8166,8166,28,102984,2288720.0,OI1401
2013-07-15 13:55:00,8168,8168,8164,8166,40,102992,3269600.0,OI1401
2013-07-15 13:56:00,8166,8166,8166,8166,4,102990,326960.0,OI1401
2013-07-15 13:57:00,8166,8166,8166,8166,16,102994,1307840.0,OI1401
2013-07-15 13:58:00,8166,8166,8166,8166,20,102992,1634800.0,OI1401
2013-07-15 13:59:00,8166,8168,8166,8168,52,102962,4250480.0,OI1401
2013-07-15 14:00:00,8166,8166,8166,8166,26,102940,2125240.0,OI1401
2013-07-15 14:01:00,8166,8168,8166,8166,18,102936,1471320.0,OI1401
2013-07-15 14:02:00,8164,8164,8160,8160,70,102896,5721800.0,OI1401
2013-07-15 14:03:00,8162,8162,8154,8156,326,102774,26647240.0,OI1401
2013-07-15 14:04:00,8156,8158,8154,8158,74,102772,6048760.0,OI1401
2013-07-15 14:05:00,8156,8158,8154,8154,64,102744,5231360.0,OI1401
2013-07-15 14:06:00,8154,8156,8150,8150,248,102846,20271520.0,OI1401
2013-07-15 14:07:00,8150,8152,8140,8140,734,103202,59990160.0,OI1401
2013-07-15 14:08:00,8140,8146,8140,8146,360,103290,29419200.0,OI1401
2013-07-15 14:09:00,8146,8146,8136,8136,734,103392,59982480.0,OI1401
2013-07-15 14:10:00,8134,8142,8122,8138,1502,103510,122723040.0,OI1401
2013-07-15 14:11:00,8138,8142,8136,8136,494,103680,40359800.0,OI1401
2013-07-15 14:12:00,8136,8142,8136,8140,228,103664,18627600.0,OI1401
2013-07-15 14:13:00,8140,8140,8138,8138,50,103662,4085000.0,OI1401
2013-07-15 14:14:00,8138,8142,8138,8140,196,103680,16013200.0,OI1401
2013-07-15 14:15:00,8138,8138,8130,8134,306,103802,24997640.0,OI1401
2013-07-15 14:16:00,8132,8134,8128,8132,300,103774,24504000.0,OI1401
2013-07-15 14:17:00,8130,8132,8128,8130,200,103780,16336000.0,OI1401
2013-07-15 14:18:00,8130,8132,8128,8132,236,103804,19276480.0,OI1401
2013-07-15 14:19:00,8132,8134,8132,8134,94,103814,7677920.0,OI1401
2013-07-15 14:20:00,8132,8140,8132,8138,572,103976,46720960.0,OI1401
2013-07-15 14:21:00,8136,8138,8134,8134,62,103978,5064160.0,OI1401
2013-07-15 14:22:00,8136,8136,8130,8132,108,103938,8821440.0,OI1401
2013-07-15 14:23:00,8132,8134,8132,8134,20,103948,1633600.0,OI1401
2013-07-15 14:24:00,8132,8138,8132,8136,74,103924,6044320.0,OI1401
2013-07-15 14:25:00,8136,8136,8134,8134,28,103920,2287040.0,OI1401
2013-07-15 14:26:00,8138,8138,8134,8136,148,103930,12088640.0,OI1401
2013-07-15 14:27:00,8136,8136,8132,8134,62,103936,5064160.0,OI1401
2013-07-15 14:28:00,8136,8136,8134,8134,70,103948,5717600.0,OI1401
2013-07-15 14:29:00,8136,8148,8132,8146,854,104342,69741600.0,OI1401
2013-07-15 14:30:00,8146,8146,8140,8142,238,104370,19435080.0,OI1401
2013-07-15 14:31:00,8142,8142,8138,8140,154,104262,12575640.0,OI1401
2013-07-15 14:32:00,8140,8144,8140,8144,82,104260,6696120.0,OI1401
2013-07-15 14:33:00,8144,8146,8144,8144,72,104236,5879520.0,OI1401
2013-07-15 14:34:00,8144,8144,8142,8142,66,104198,5389560.0,OI1401
2013-07-15 14:35:00,8140,8140,8138,8138,134,104206,10942440.0,OI1401
2013-07-15 14:36:00,8138,8140,8138,8138,50,104206,4083000.0,OI1401
2013-07-15 14:37:00,8140,8140,8138,8140,40,104174,3266400.0,OI1401
2013-07-15 14:38:00,8140,8140,8138,8140,76,104132,6206160.0,OI1401
2013-07-15 14:39:00,8140,8140,8138,8138,80,104162,6532800.0,OI1401
2013-07-15 14:40:00,8138,8140,8138,8138,38,104170,3103080.0,OI1401
2013-07-15 14:41:00,8140,8140,8140,8140,10,104168,816600.0,OI1401
2013-07-15 14:43:00,8140,8144,8138,8142,68,104192,5552880.0,OI1401
2013-07-15 14:44:00,8142,8144,8140,8144,22,104182,1796520.0,OI1401
2013-07-15 14:45:00,8144,8144,8142,8144,64,104160,5226240.0,OI1401
2013-07-15 14:46:00,8146,8148,8144,8144,116,104104,9472560.0,OI1401
2013-07-15 14:47:00,8144,8146,8144,8144,40,104076,3266400.0,OI1401
2013-07-15 14:48:00,8142,8144,8140,8142,70,104058,5716200.0,OI1401
2013-07-15 14:49:00,8142,8142,8142,8142,12,104052,979920.0,OI1401
2013-07-15 14:50:00,8142,8144,8142,8144,20,104044,1633200.0,OI1401
2013-07-15 14:51:00,8144,8144,8140,8142,74,104002,6042840.0,OI1401
2013-07-15 14:52:00,8142,8142,8140,8142,62,103978,5062920.0,OI1401
2013-07-15 14:53:00,8142,8144,8140,8140,148,103970,12085680.0,OI1401
2013-07-15 14:54:00,8140,8140,8136,8136,336,103958,27437760.0,OI1401
2013-07-15 14:55:00,8136,8138,8134,8134,76,103976,6206160.0,OI1401
2013-07-15 14:56:00,8136,8138,8134,8134,156,103928,12738960.0,OI1401
2013-07-15 14:57:00,8134,8134,8126,8126,372,103824,30376600.0,OI1401
2013-07-15 14:58:00,8126,8126,8114,8116,936,103856,76415040.0,OI1401
2013-07-15 14:59:00,8118,8124,8118,8122,652,103940,53229280.0,OI1401
2013-07-16 09:00:00,8130,8146,8130,8136,584,104028,47513240.0,OI1401
2013-07-16 09:01:00,8136,8142,8134,8142,442,104130,35976800.0,OI1401
2013-07-16 09:02:00,8142,8142,8134,8138,190,104158,15466000.0,OI1401
2013-07-16 09:03:00,8138,8142,8138,8142,184,104206,14977600.0,OI1401
2013-07-16 09:04:00,8142,8142,8138,8138,196,104182,15954400.0,OI1401
2013-07-16 09:05:00,8138,8144,8138,8140,238,104238,19373200.0,OI1401
2013-07-16 09:06:00,8140,8140,8124,8126,540,104470,43951880.0,OI1401
2013-07-16 09:07:00,8128,8130,8110,8110,394,104676,32059640.0,OI1401
2013-07-16 09:08:00,8112,8116,8108,8112,560,104882,45546600.0,OI1401
2013-07-16 09:09:00,8114,8114,8110,8110,362,105042,29433560.0,OI1401
2013-07-16 09:10:00,8110,8110,8078,8086,1978,105882,160697360.0,OI1401
2013-07-16 09:11:00,8084,8092,8082,8086,948,106250,76937440.0,OI1401
2013-07-16 09:12:00,8086,8088,8060,8068,1614,107016,130894920.0,OI1401
2013-07-16 09:13:00,8064,8072,8056,8058,1404,107772,113762880.0,OI1401
2013-07-16 09:14:00,8060,8066,8050,8064,966,108260,78223360.0,OI1401
2013-07-16 09:15:00,8062,8074,8062,8066,1116,108550,90336040.0,OI1401
2013-07-16 09:16:00,8064,8066,8062,8064,322,108578,26060560.0,OI1401
2013-07-16 09:17:00,8066,8070,8064,8068,696,108942,56320320.0,OI1401
2013-07-16 09:18:00,8068,8070,8068,8068,408,108770,33011640.0,OI1401
2013-07-16 09:19:00,8068,8074,8068,8070,480,108830,38832000.0,OI1401
2013-07-16 09:20:00,8070,8074,8062,8062,546,108902,44171400.0,OI1401
2013-07-16 09:21:00,8062,8064,8060,8064,440,109114,35587960.0,OI1401
2013-07-16 09:22:00,8064,8066,8060,8062,438,109304,35425440.0,OI1401
2013-07-16 09:23:00,8062,8062,8058,8058,792,109476,64047560.0,OI1401
2013-07-16 09:24:00,8056,8056,8044,8050,1864,109866,150692520.0,OI1401
2013-07-16 09:25:00,8050,8052,8048,8048,540,110162,43642800.0,OI1401
2013-07-16 09:26:00,8048,8052,8044,8050,774,110468,62545000.0,OI1401
2013-07-16 09:27:00,8050,8054,8050,8050,458,110484,37006400.0,OI1401
2013-07-16 09:28:00,8052,8058,8050,8058,514,110512,41529440.0,OI1401
2013-07-16 09:29:00,8058,8058,8052,8052,306,110458,24718680.0,OI1401
2013-07-16 09:30:00,8052,8054,8046,8048,440,110650,35543200.0,OI1401
2013-07-16 09:31:00,8048,8048,8040,8040,954,110908,77056640.0,OI1401
2013-07-16 09:32:00,8042,8048,8038,8044,1160,111332,93677040.0,OI1401
2013-07-16 09:33:00,8046,8046,8040,8044,356,111458,28743440.0,OI1401
2013-07-16 09:34:00,8044,8046,8044,8046,148,111462,11949520.0,OI1401
2013-07-16 09:35:00,8046,8046,8038,8040,336,111606,27128640.0,OI1401
2013-07-16 09:36:00,8040,8042,8030,8030,1134,112032,91544320.0,OI1401
2013-07-16 09:37:00,8030,8036,8028,8030,856,112298,69088480.0,OI1401
2013-07-16 09:38:00,8030,8032,8026,8028,630,112376,50841000.0,OI1401
2013-07-16 09:39:00,8030,8030,8020,8020,1032,112708,83267400.0,OI1401
2013-07-16 09:40:00,8020,8024,8020,8022,824,113074,66470200.0,OI1401
2013-07-16 09:41:00,8022,8022,8014,8016,1054,113442,85010640.0,OI1401
2013-07-16 09:42:00,8014,8026,8014,8026,878,113556,70801920.0,OI1401
2013-07-16 09:43:00,8026,8042,8026,8036,1504,113432,121257520.0,OI1401
2013-07-16 09:44:00,8038,8042,8036,8038,1164,113434,93841680.0,OI1401
2013-07-16 09:45:00,8038,8040,8034,8038,590,113522,47558600.0,OI1401
2013-07-16 09:46:00,8038,8048,8034,8048,940,113572,75764000.0,OI1401
2013-07-16 09:47:00,8048,8048,8040,8040,528,113384,42556800.0,OI1401
2013-07-16 09:48:00,8040,8044,8038,8042,464,113288,37398400.0,OI1401
2013-07-16 09:49:00,8042,8048,8040,8046,886,112770,71411600.0,OI1401
2013-07-16 09:50:00,8046,8054,8044,8052,1120,112352,90272000.0,OI1401
2013-07-16 09:51:00,8054,8054,8048,8050,1040,111892,83815200.0,OI1401
2013-07-16 09:52:00,8052,8058,8052,8054,896,111646,72199680.0,OI1401
2013-07-16 09:53:00,8052,8056,8048,8054,858,111650,69137640.0,OI1401
2013-07-16 09:54:00,8052,8054,8050,8052,378,111686,30459240.0,OI1401
2013-07-16 09:55:00,8052,8056,8050,8052,732,111940,58984560.0,OI1401
2013-07-16 09:56:00,8050,8054,8040,8040,872,111846,70265760.0,OI1401
2013-07-16 09:57:00,8040,8040,8022,8034,1036,112236,83480880.0,OI1401
2013-07-16 09:58:00,8034,8042,8032,8040,282,112140,22723560.0,OI1401
2013-07-16 09:59:00,8040,8044,8036,8044,214,112222,17244120.0,OI1401
2013-07-16 10:00:00,8044,8048,8038,8038,186,112226,14987880.0,OI1401
2013-07-16 10:01:00,8036,8042,8030,8042,336,112316,27074880.0,OI1401
2013-07-16 10:02:00,8044,8050,8044,8048,320,112254,25785600.0,OI1401
2013-07-16 10:03:00,8048,8052,8046,8048,546,112086,43996680.0,OI1401
2013-07-16 10:04:00,8048,8050,8048,8048,56,112094,4512480.0,OI1401
2013-07-16 10:05:00,8048,8048,8046,8046,118,112086,9508440.0,OI1401
2013-07-16 10:06:00,8046,8050,8046,8048,142,112082,11442360.0,OI1401
2013-07-16 10:07:00,8048,8050,8046,8050,390,112248,31421800.0,OI1401
2013-07-16 10:08:00,8050,8050,8048,8050,322,112308,25940320.0,OI1401
2013-07-16 10:09:00,8050,8052,8044,8048,624,112736,50269440.0,OI1401
2013-07-16 10:10:00,8050,8052,8050,8050,52,112726,4189120.0,OI1401
2013-07-16 10:11:00,8050,8052,8050,8050,80,112708,6444800.0,OI1401
2013-07-16 10:12:00,8050,8052,8048,8050,154,112680,12406240.0,OI1401
2013-07-16 10:13:00,8050,8052,8050,8050,302,112570,24329120.0,OI1401
2013-07-16 10:14:00,8052,8052,8048,8048,196,112478,15789760.0,OI1401
2013-07-16 10:30:00,8050,8050,8042,8044,164,112470,13211840.0,OI1401
2013-07-16 10:31:00,8046,8048,8042,8048,84,112456,6767040.0,OI1401
2013-07-16 10:32:00,8048,8050,8048,8050,100,112458,8056000.0,OI1401
2013-07-16 10:33:00,8050,8064,8050,8064,1288,112134,103761280.0,OI1401
2013-07-16 10:34:00,8064,8070,8062,8062,888,111924,71537280.0,OI1401
2013-07-16 10:35:00,8062,8082,8062,8080,1564,111812,126018880.0,OI1401
2013-07-16 10:36:00,8080,8080,8070,8074,484,111830,39000720.0,OI1401
2013-07-16 10:37:00,8074,8076,8070,8070,460,111726,37066800.0,OI1401
2013-07-16 10:38:00,8068,8068,8062,8066,200,111694,16116000.0,OI1401
2013-07-16 10:39:00,8068,8068,8060,8062,162,111628,13053960.0,OI1401
2013-07-16 10:40:00,8060,8066,8060,8064,120,111656,9669600.0,OI1401
2013-07-16 10:41:00,8064,8066,8064,8066,118,111634,9508440.0,OI1401
2013-07-16 10:42:00,8068,8068,8064,8066,92,111624,7413360.0,OI1401
2013-07-16 10:43:00,8066,8068,8066,8068,132,111650,10636560.0,OI1401
2013-07-16 10:44:00,8068,8068,8064,8064,116,111670,9347280.0,OI1401
2013-07-16 10:45:00,8064,8070,8064,8068,262,111702,21111960.0,OI1401
2013-07-16 10:46:00,8070,8072,8068,8072,212,111668,17082960.0,OI1401
2013-07-16 10:47:00,8072,8078,8070,8070,590,111582,47542200.0,OI1401
2013-07-16 10:48:00,8074,8074,8072,8072,384,111636,30942720.0,OI1401
2013-07-16 10:49:00,8072,8072,8066,8066,132,111634,10636560.0,OI1401
2013-07-16 10:50:00,8066,8068,8060,8060,208,111634,16760640.0,OI1401
2013-07-16 10:51:00,8060,8062,8058,8060,274,111790,22078920.0,OI1401
2013-07-16 10:52:00,8060,8060,8044,8046,698,111790,56244840.0,OI1401
2013-07-16 10:53:00,8046,8050,8034,8046,1316,111884,106043280.0,OI1401
2013-07-16 10:54:00,8044,8050,8044,8048,380,112064,30620400.0,OI1401
2013-07-16 10:55:00,8050,8054,8048,8050,272,112128,21917760.0,OI1401
2013-07-16 10:56:00,8050,8052,8044,8044,504,112124,40612320.0,OI1401
2013-07-16 10:57:00,8044,8052,8044,8046,472,111938,38033760.0,OI1401
2013-07-16 10:58:00,8046,8048,8042,8042,146,111976,11764680.0,OI1401
2013-07-16 10:59:00,8042,8056,8040,8056,412,111930,33198960.0,OI1401
2013-07-16 11:00:00,8054,8060,8052,8052,412,111908,33198960.0,OI1401
2013-07-16 11:01:00,8052,8054,8050,8052,168,111896,13537440.0,OI1401
2013-07-16 11:02:00,8052,8058,8052,8058,74,111894,5962920.0,OI1401
2013-07-16 11:03:00,8056,8072,8054,8070,536,111656,43190880.0,OI1401
2013-07-16 11:04:00,8066,8070,8060,8060,440,111726,35455200.0,OI1401
2013-07-16 11:05:00,8060,8064,8060,8062,140,111770,11281200.0,OI1401
2013-07-16 11:06:00,8060,8062,8058,8060,126,111806,10153080.0,OI1401
2013-07-16 11:07:00,8060,8060,8058,8058,120,111842,9669600.0,OI1401
2013-07-16 11:08:00,8058,8058,8054,8054,128,111852,10314240.0,OI1401
2013-07-16 11:09:00,8054,8060,8054,8060,128,111842,10314240.0,OI1401
2013-07-16 11:10:00,8060,8068,8056,8068,432,111792,34810560.0,OI1401
2013-07-16 11:11:00,8068,8070,8064,8068,298,111728,24012840.0,OI1401
2013-07-16 11:12:00,8068,8070,8062,8064,290,111726,23368200.0,OI1401
2013-07-16 11:13:00,8066,8066,8064,8066,74,111776,5962920.0,OI1401
2013-07-16 11:14:00,8064,8066,8064,8066,140,111814,11281200.0,OI1401
2013-07-16 11:15:00,8066,8068,8066,8066,88,111828,7091040.0,OI1401
2013-07-16 11:16:00,8068,8068,8066,8066,130,111878,10475400.0,OI1401
2013-07-16 11:17:00,8068,8068,8064,8066,152,111916,12248160.0,OI1401
2013-07-16 11:18:00,8066,8072,8064,8072,242,111968,19500360.0,OI1401
2013-07-16 11:19:00,8072,8076,8070,8076,552,111714,44480160.0,OI1401
2013-07-16 11:20:00,8072,8074,8068,8070,144,111672,11603520.0,OI1401
2013-07-16 11:21:00,8070,8076,8068,8074,182,111644,14665560.0,OI1401
2013-07-16 11:22:00,8074,8074,8072,8072,98,111654,7896840.0,OI1401
2013-07-16 11:23:00,8074,8074,8070,8072,142,111594,11442360.0,OI1401
2013-07-16 11:24:00,8072,8074,8072,8072,122,111582,9830760.0,OI1401
2013-07-16 11:25:00,8072,8072,8066,8066,132,111554,10636560.0,OI1401
2013-07-16 11:26:00,8066,8068,8064,8066,184,111564,14826720.0,OI1401
2013-07-16 11:27:00,8064,8066,8062,8064,90,111598,7252200.0,OI1401
2013-07-16 11:28:00,8062,8068,8062,8064,118,111562,9508440.0,OI1401
2013-07-16 11:29:00,8066,8070,8064,8066,176,111516,14182080.0,OI1401
2013-07-16 13:30:00,8068,8070,8064,8068,202,111618,16277160.0,OI1401
2013-07-16 13:31:00,8068,8070,8066,8070,194,111646,15632520.0,OI1401
2013-07-16 13:32:00,8068,8070,8066,8068,62,111646,4995960.0,OI1401
2013-07-16 13:33:00,8068,8068,8064,8068,98,111706,7896840.0,OI1401
2013-07-16 13:34:00,8068,8070,8066,8070,362,111898,29169960.0,OI1401
2013-07-16 13:35:00,8068,8070,8068,8068,152,111920,12248160.0,OI1401
2013-07-16 13:36:00,8068,8068,8066,8066,116,111918,9347280.0,OI1401
2013-07-16 13:37:00,8066,8068,8064,8066,230,111980,18533400.0,OI1401
2013-07-16 13:38:00,8066,8070,8066,8068,108,111952,8702640.0,OI1401
2013-07-16 13:39:00,8070,8070,8066,8068,48,111960,3867840.0,OI1401
2013-07-16 13:40:00,8068,8068,8066,8066,102,112028,8219160.0,OI1401
2013-07-16 13:41:00,8066,8066,8066,8066,96,112064,7735680.0,OI1401
2013-07-16 13:42:00,8064,8064,8054,8054,524,112122,42223920.0,OI1401
2013-07-16 13:43:00,8052,8054,8046,8046,562,112356,45285960.0,OI1401
2013-07-16 13:44:00,8046,8046,8036,8042,846,112590,68170680.0,OI1401
2013-07-16 13:45:00,8040,8050,8040,8048,706,112844,56889480.0,OI1401
2013-07-16 13:46:00,8048,8048,8044,8046,244,112924,19661520.0,OI1401
2013-07-16 13:47:00,8044,8048,8044,8044,172,112986,13859760.0,OI1401
2013-07-16 13:48:00,8046,8048,8044,8048,76,113018,6124080.0,OI1401
2013-07-16 13:49:00,8046,8048,8046,8046,186,113062,14987880.0,OI1401
2013-07-16 13:50:00,8048,8050,8046,8048,44,113072,3545520.0,OI1401
2013-07-16 13:51:00,8046,8048,8046,8046,90,113052,7252200.0,OI1401
2013-07-16 13:52:00,8046,8046,8044,8046,138,113116,11120040.0,OI1401
2013-07-16 13:53:00,8046,8048,8046,8048,72,113112,5801760.0,OI1401
2013-07-16 13:54:00,8048,8048,8046,8046,122,113208,9830760.0,OI1401
2013-07-16 13:55:00,8044,8046,8040,8040,306,113338,24657480.0,OI1401
2013-07-16 13:56:00,8040,8042,8036,8040,724,113672,58339920.0,OI1401
2013-07-16 13:57:00,8040,8050,8040,8050,520,113766,41901600.0,OI1401
2013-07-16 13:58:00,8050,8058,8050,8054,612,113782,49314960.0,OI1401
2013-07-16 13:59:00,8054,8056,8048,8048,364,113792,29331120.0,OI1401
2013-07-16 14:00:00,8050,8052,8048,8050,330,113818,26591400.0,OI1401
2013-07-16 14:01:00,8050,8050,8046,8048,426,113874,34327080.0,OI1401
2013-07-16 14:02:00,8048,8048,8044,8046,200,114004,16116000.0,OI1401
2013-07-16 14:03:00,8046,8048,8042,8048,142,114046,11442360.0,OI1401
2013-07-16 14:04:00,8044,8048,8044,8046,116,114048,9347280.0,OI1401
2013-07-16 14:05:00,8046,8048,8046,8046,164,114004,13215120.0,OI1401
2013-07-16 14:06:00,8044,8046,8038,8038,632,114242,50926560.0,OI1401
2013-07-16 14:07:00,8038,8040,8032,8032,684,114420,55116720.0,OI1401
2013-07-16 14:08:00,8034,8036,8032,8034,698,114800,56231080.0,OI1401
2013-07-16 14:09:00,8036,8038,8034,8036,672,115122,54136320.0,OI1401
2013-07-16 14:10:00,8036,8040,8036,8040,258,115174,20784480.0,OI1401
2013-07-16 14:11:00,8038,8044,8038,8042,434,115082,34963040.0,OI1401
2013-07-16 14:12:00,8042,8042,8038,8040,210,115074,16917600.0,OI1401
2013-07-16 14:13:00,8038,8040,8036,8040,106,115100,8539360.0,OI1401
2013-07-16 14:14:00,8040,8040,8026,8028,956,115468,77015360.0,OI1401
2013-07-16 14:15:00,8026,8036,8026,8034,576,115550,46402560.0,OI1401
2013-07-16 14:16:00,8034,8038,8030,8036,478,115728,38507680.0,OI1401
2013-07-16 14:17:00,8034,8034,8028,8030,496,115976,39957760.0,OI1401
2013-07-16 14:18:00,8030,8040,8030,8040,260,115940,20945600.0,OI1401
2013-07-16 14:19:00,8038,8038,8034,8038,180,116076,14500800.0,OI1401
2013-07-16 14:20:00,8038,8038,8034,8034,172,116074,13856320.0,OI1401
2013-07-16 14:21:00,8034,8036,8030,8036,258,116168,20784480.0,OI1401
2013-07-16 14:22:00,8036,8038,8032,8034,214,116226,17239840.0,OI1401
2013-07-16 14:23:00,8032,8036,8032,8036,266,116314,21428960.0,OI1401
2013-07-16 14:24:00,8036,8040,8032,8038,454,116316,36574240.0,OI1401
2013-07-16 14:25:00,8038,8038,8034,8036,190,116432,15306400.0,OI1401
2013-07-16 14:26:00,8036,8038,8034,8036,102,116430,8217120.0,OI1401
2013-07-16 14:27:00,8038,8038,8036,8038,118,116442,9506080.0,OI1401
2013-07-16 14:28:00,8038,8048,8038,8044,684,116254,55103040.0,OI1401
2013-07-16 14:29:00,8046,8048,8044,8048,278,116094,22395680.0,OI1401
2013-07-16 14:30:00,8048,8050,8046,8048,392,115852,31579520.0,OI1401
2013-07-16 14:31:00,8046,8050,8044,8046,140,115904,11277880.0,OI1401
2013-07-16 14:32:00,8046,8046,8044,8044,98,115888,7892920.0,OI1401
2013-07-16 14:33:00,8046,8046,8044,8044,82,115918,6604280.0,OI1401
2013-07-16 14:34:00,8044,8044,8042,8044,92,115936,7409680.0,OI1401
2013-07-16 14:35:00,8044,8046,8042,8046,122,116018,9825880.0,OI1401
2013-07-16 14:36:00,8044,8046,8044,8046,212,116036,17074480.0,OI1401
2013-07-16 14:37:00,8044,8048,8044,8048,78,116044,6282120.0,OI1401
2013-07-16 14:38:00,8046,8048,8046,8048,138,116044,11114520.0,OI1401
2013-07-16 14:39:00,8048,8048,8044,8044,154,116012,12403160.0,OI1401
2013-07-16 14:40:00,8044,8044,8042,8044,64,116002,5154560.0,OI1401
2013-07-16 14:41:00,8044,8044,8042,8044,24,116004,1932960.0,OI1401
2013-07-16 14:42:00,8042,8044,8042,8042,56,116008,4510240.0,OI1401
2013-07-16 14:43:00,8044,8044,8040,8040,110,115998,8859400.0,OI1401
2013-07-16 14:44:00,8040,8046,8040,8046,242,115894,19490680.0,OI1401
2013-07-16 14:45:00,8046,8046,8044,8044,104,115818,8376160.0,OI1401
2013-07-16 14:46:00,8044,8044,8040,8042,150,115752,12081000.0,OI1401
2013-07-16 14:47:00,8042,8042,8042,8042,66,115758,5315640.0,OI1401
2013-07-16 14:48:00,8044,8046,8044,8046,78,115740,6282120.0,OI1401
2013-07-16 14:49:00,8046,8048,8046,8046,98,115706,7892920.0,OI1401
2013-07-16 14:50:00,8048,8050,8046,8048,194,115674,15624760.0,OI1401
2013-07-16 14:51:00,8050,8060,8048,8060,620,115438,49934800.0,OI1401
2013-07-16 14:52:00,8062,8068,8062,8062,1064,114758,85694560.0,OI1401
2013-07-16 14:53:00,8062,8066,8060,8060,320,114714,25772800.0,OI1401
2013-07-16 14:54:00,8060,8060,8054,8056,228,114628,18363120.0,OI1401
2013-07-16 14:55:00,8056,8058,8056,8058,264,114448,21262560.0,OI1401
2013-07-16 14:56:00,8058,8058,8052,8052,298,114308,24000920.0,OI1401
2013-07-16 14:57:00,8056,8058,8052,8056,348,114422,28027920.0,OI1401
2013-07-16 14:58:00,8058,8060,8056,8056,398,114148,32054920.0,OI1401
2013-07-16 14:59:00,8056,8064,8040,8064,946,113854,76190840.0,OI1401
2013-07-17 09:00:00,8078,8078,8058,8062,868,113796,70066000.0,OI1401
2013-07-17 09:01:00,8062,8070,8060,8066,436,113820,35167760.0,OI1401
2013-07-17 09:02:00,8064,8064,8048,8050,608,113880,49034680.0,OI1401
2013-07-17 09:03:00,8050,8058,8050,8058,196,113886,15801520.0,OI1401
2013-07-17 09:04:00,8058,8058,8050,8052,232,113944,18703840.0,OI1401
2013-07-17 09:05:00,8052,8052,8046,8050,278,113972,22408280.0,OI1401
2013-07-17 09:06:00,8050,8050,8046,8048,206,114042,16603600.0,OI1401
2013-07-17 09:07:00,8048,8052,8048,8052,236,114026,19018320.0,OI1401
2013-07-17 09:08:00,8050,8052,8032,8034,530,114136,42704720.0,OI1401
2013-07-17 09:09:00,8032,8032,8018,8020,1416,114700,114005720.0,OI1401
2013-07-17 09:10:00,8020,8024,8012,8022,1518,115254,122098880.0,OI1401
2013-07-17 09:11:00,8022,8030,8020,8026,618,115440,49687200.0,OI1401
2013-07-17 09:12:00,8026,8032,8024,8032,292,115450,23474000.0,OI1401
2013-07-17 09:13:00,8030,8030,8022,8024,424,115530,34081120.0,OI1401
2013-07-17 09:14:00,8024,8036,8024,8034,466,115400,37457080.0,OI1401
2013-07-17 09:15:00,8034,8052,8034,8044,1598,114916,128447240.0,OI1401
2013-07-17 09:16:00,8044,8044,8036,8038,632,115250,50806880.0,OI1401
2013-07-17 09:17:00,8034,8040,8030,8040,616,115448,49515160.0,OI1401
2013-07-17 09:18:00,8038,8040,8036,8040,264,115380,21220320.0,OI1401
2013-07-17 09:19:00,8040,8048,8040,8046,362,115278,29100920.0,OI1401
2013-07-17 09:20:00,8046,8048,8042,8044,226,115210,18170400.0,OI1401
2013-07-17 09:21:00,8044,8046,8042,8046,230,115126,18492000.0,OI1401
2013-07-17 09:22:00,8046,8048,8046,8048,118,115102,9487200.0,OI1401
2013-07-17 09:23:00,8048,8048,8042,8044,86,115120,6914400.0,OI1401
2013-07-17 09:24:00,8042,8048,8042,8048,106,115134,8522400.0,OI1401
2013-07-17 09:25:00,8046,8058,8046,8056,470,115016,37788000.0,OI1401
2013-07-17 09:26:00,8056,8068,8054,8064,1234,114502,99223760.0,OI1401
2013-07-17 09:27:00,8066,8066,8060,8060,550,114406,44231000.0,OI1401
2013-07-17 09:28:00,8060,8062,8058,8058,672,114496,54049520.0,OI1401
2013-07-17 09:29:00,8058,8060,8058,8060,280,114404,22523200.0,OI1401
2013-07-17 09:30:00,8058,8062,8056,8062,288,114316,23166720.0,OI1401
2013-07-17 09:31:00,8060,8060,8054,8054,210,114246,16892400.0,OI1401
2013-07-17 09:32:00,8054,8058,8054,8056,162,114222,13031280.0,OI1401
2013-07-17 09:33:00,8058,8058,8054,8054,230,114166,18501200.0,OI1401
2013-07-17 09:34:00,8054,8056,8052,8054,200,114096,16088000.0,OI1401
2013-07-17 09:35:00,8052,8054,8050,8052,364,114056,29280160.0,OI1401
2013-07-17 09:36:00,8052,8052,8046,8046,306,114002,24614640.0,OI1401
2013-07-17 09:37:00,8048,8052,8046,8050,180,113976,14479200.0,OI1401
2013-07-17 09:38:00,8050,8050,8048,8050,112,114014,9009280.0,OI1401
2013-07-17 09:39:00,8048,8052,8046,8050,120,114020,9652800.0,OI1401
2013-07-17 09:40:00,8052,8054,8050,8054,216,113878,17376280.0,OI1401
2013-07-17 09:41:00,8054,8054,8050,8052,84,113844,6758640.0,OI1401
2013-07-17 09:42:00,8050,8058,8050,8058,164,113830,13195440.0,OI1401
2013-07-17 09:43:00,8056,8060,8056,8056,130,113872,10459800.0,OI1401
2013-07-17 09:44:00,8058,8066,8058,8064,860,114146,69195600.0,OI1401
2013-07-17 09:45:00,8064,8064,8056,8056,696,113838,56000160.0,OI1401
2013-07-17 09:46:00,8056,8060,8056,8060,278,113814,22367880.0,OI1401
2013-07-17 09:47:00,8058,8070,8058,8068,734,113926,59065840.0,OI1401
2013-07-17 09:48:00,8070,8080,8068,8072,2546,114098,204924120.0,OI1401
2013-07-17 09:49:00,8072,8074,8064,8068,938,114154,75511480.0,OI1401
2013-07-17 09:50:00,8068,8074,8068,8072,676,114422,54431520.0,OI1401
2013-07-17 09:51:00,8072,8072,8068,8070,488,114488,39293760.0,OI1401
2013-07-17 09:52:00,8070,8072,8068,8070,346,114384,27859920.0,OI1401
2013-07-17 09:53:00,8068,8072,8068,8072,156,114458,12561120.0,OI1401
2013-07-17 09:54:00,8072,8072,8068,8070,618,114052,49761360.0,OI1401
2013-07-17 09:55:00,8070,8074,8070,8072,294,114064,23673640.0,OI1401
2013-07-17 09:56:00,8070,8072,8068,8068,100,114092,8054000.0,OI1401
2013-07-17 09:57:00,8068,8072,8068,8070,206,114028,16591240.0,OI1401
2013-07-17 09:58:00,8070,8072,8070,8072,178,114124,14336120.0,OI1401
2013-07-17 09:59:00,8072,8072,8070,8070,162,114192,13047480.0,OI1401
2013-07-17 10:00:00,8070,8072,8070,8072,150,114200,12081000.0,OI1401
2013-07-17 10:01:00,8072,8074,8072,8072,358,114438,28833320.0,OI1401
2013-07-17 10:02:00,8074,8076,8072,8072,318,114326,25611720.0,OI1401
2013-07-17 10:03:00,8070,8072,8068,8070,90,114322,7248600.0,OI1401
2013-07-17 10:04:00,8070,8070,8066,8068,276,114366,22229040.0,OI1401
2013-07-17 10:05:00,8068,8068,8064,8064,138,114330,11114520.0,OI1401
2013-07-17 10:06:00,8064,8068,8064,8068,116,114300,9342640.0,OI1401
2013-07-17 10:07:00,8068,8068,8066,8066,234,114464,18846360.0,OI1401
2013-07-17 10:08:00,8066,8066,8066,8066,66,114454,5315640.0,OI1401
2013-07-17 10:09:00,8064,8066,8062,8062,244,114588,19651760.0,OI1401
2013-07-17 10:10:00,8062,8064,8062,8064,352,114426,28350080.0,OI1401
2013-07-17 10:11:00,8064,8066,8064,8066,36,114422,2899440.0,OI1401
2013-07-17 10:12:00,8066,8066,8066,8066,112,114468,9020480.0,OI1401
2013-07-17 10:13:00,8066,8068,8064,8068,52,114476,4188080.0,OI1401
2013-07-17 10:14:00,8066,8070,8066,8070,182,114372,14658280.0,OI1401
2013-07-17 10:30:00,8070,8074,8070,8072,190,114452,15302600.0,OI1401
2013-07-17 10:31:00,8070,8070,8066,8066,134,114464,10792360.0,OI1401
2013-07-17 10:32:00,8064,8070,8064,8070,66,114446,5315640.0,OI1401
2013-07-17 10:33:00,8072,8074,8070,8074,244,114588,19655880.0,OI1401
2013-07-17 10:34:00,8074,8076,8072,8074,300,114586,24168000.0,OI1401
2013-07-17 10:35:00,8074,8076,8072,8076,420,114518,33835200.0,OI1401
2013-07-17 10:36:00,8076,8078,8074,8076,480,114400,38668800.0,OI1401
2013-07-17 10:37:00,8076,8078,8076,8076,218,114326,17562080.0,OI1401
2013-07-17 10:38:00,8078,8080,8076,8078,434,114268,34963040.0,OI1401
2013-07-17 10:39:00,8076,8084,8076,8080,724,113886,58325440.0,OI1401
2013-07-17 10:40:00,8080,8086,8080,8080,624,113776,50278840.0,OI1401
2013-07-17 10:41:00,8082,8086,8080,8086,636,113920,51248880.0,OI1401
2013-07-17 10:42:00,8084,8090,8084,8084,1064,113940,85737120.0,OI1401
2013-07-17 10:43:00,8084,8086,8080,8080,440,114100,35455800.0,OI1401
2013-07-17 10:44:00,8080,8080,8076,8078,178,114036,14346800.0,OI1401
2013-07-17 10:45:00,8078,8080,8076,8080,130,113988,10478000.0,OI1401
2013-07-17 10:46:00,8078,8080,8078,8078,60,114002,4836000.0,OI1401
2013-07-17 10:47:00,8078,8078,8068,8070,310,113904,24986000.0,OI1401
2013-07-17 10:48:00,8070,8072,8070,8070,232,113838,18699200.0,OI1401
2013-07-17 10:49:00,8070,8070,8066,8068,152,113852,12251200.0,OI1401
2013-07-17 10:50:00,8068,8070,8064,8064,288,113912,23212800.0,OI1401
2013-07-17 10:51:00,8064,8066,8064,8064,92,113928,7415200.0,OI1401
2013-07-17 10:52:00,8064,8066,8064,8064,54,113920,4352400.0,OI1401
2013-07-17 10:53:00,8066,8068,8064,8068,128,113960,10316800.0,OI1401
2013-07-17 10:54:00,8068,8070,8066,8068,64,113962,5158400.0,OI1401
2013-07-17 10:55:00,8070,8070,8066,8066,44,113980,3546400.0,OI1401
2013-07-17 10:56:00,8068,8068,8066,8066,26,114002,2095600.0,OI1401
2013-07-17 10:57:00,8070,8070,8068,8068,66,114002,5319600.0,OI1401
2013-07-17 10:58:00,8068,8070,8068,8070,24,113998,1934400.0,OI1401
2013-07-17 10:59:00,8070,8072,8070,8072,70,113954,5642000.0,OI1401
2013-07-17 11:00:00,8072,8074,8072,8072,234,113982,18860400.0,OI1401
2013-07-17 11:01:00,8072,8074,8070,8070,52,113986,4191200.0,OI1401
2013-07-17 11:02:00,8070,8072,8070,8072,70,114004,5642000.0,OI1401
2013-07-17 11:03:00,8072,8072,8068,8068,56,114020,4513600.0,OI1401
2013-07-17 11:04:00,8070,8072,8068,8072,198,114080,15958800.0,OI1401
2013-07-17 11:05:00,8072,8072,8068,8068,68,114100,5480800.0,OI1401
2013-07-17 11:06:00,8066,8066,8062,8064,122,114094,9833200.0,OI1401
2013-07-17 11:07:00,8064,8066,8064,8066,62,114106,4997200.0,OI1401
2013-07-17 11:08:00,8066,8068,8066,8066,20,114102,1612000.0,OI1401
2013-07-17 11:09:00,8068,8070,8068,8068,76,114052,6125600.0,OI1401
2013-07-17 11:10:00,8070,8072,8070,8070,40,114050,3224000.0,OI1401
2013-07-17 11:11:00,8070,8072,8068,8072,96,114044,7737600.0,OI1401
2013-07-17 11:12:00,8072,8076,8070,8074,356,114250,28693600.0,OI1401
2013-07-17 11:13:00,8074,8078,8074,8078,244,114336,19666400.0,OI1401
2013-07-17 11:14:00,8078,8080,8078,8080,560,114576,45136000.0,OI1401
2013-07-17 11:15:00,8080,8084,8078,8080,368,114598,29660800.0,OI1401
2013-07-17 11:16:00,8080,8082,8078,8078,88,114568,7092800.0,OI1401
2013-07-17 11:17:00,8078,8082,8078,8080,230,114544,18538000.0,OI1401
2013-07-17 11:18:00,8078,8082,8078,8082,220,114434,17732000.0,OI1401
2013-07-17 11:19:00,8082,8082,8078,8080,132,114438,10639200.0,OI1401
2013-07-17 11:20:00,8082,8090,8082,8088,994,113976,80133400.0,OI1401
2013-07-17 11:21:00,8088,8088,8084,8084,320,113868,25798400.0,OI1401
2013-07-17 11:22:00,8086,8086,8078,8078,240,113818,19348800.0,OI1401
2013-07-17 11:23:00,8078,8080,8076,8076,204,113786,16446480.0,OI1401
2013-07-17 11:24:00,8076,8078,8074,8074,330,113866,26604600.0,OI1401
2013-07-17 11:25:00,8074,8076,8074,8074,220,113812,17736400.0,OI1401
2013-07-17 11:26:00,8074,8076,8072,8072,316,113702,25475920.0,OI1401
2013-07-17 11:27:00,8074,8074,8072,8074,220,113720,17736400.0,OI1401
2013-07-17 11:28:00,8072,8074,8070,8074,250,113796,20155000.0,OI1401
2013-07-17 11:29:00,8072,8072,8070,8070,182,113828,14672840.0,OI1401
2013-07-17 13:30:00,8072,8076,8072,8076,302,113880,24347240.0,OI1401
2013-07-17 13:31:00,8076,8078,8074,8074,234,114012,18865080.0,OI1401
2013-07-17 13:32:00,8076,8078,8074,8074,202,113952,16285240.0,OI1401
2013-07-17 13:33:00,8076,8076,8074,8076,162,114032,13060440.0,OI1401
2013-07-17 13:34:00,8076,8076,8074,8076,202,114010,16285240.0,OI1401
2013-07-17 13:35:00,8076,8078,8070,8070,266,114114,21444920.0,OI1401
2013-07-17 13:36:00,8070,8070,8066,8066,184,114166,14834080.0,OI1401
2013-07-17 13:37:00,8066,8070,8066,8068,98,114196,7900760.0,OI1401
2013-07-17 13:38:00,8070,8070,8064,8064,104,114184,8384480.0,OI1401
2013-07-17 13:39:00,8064,8066,8064,8066,226,114110,18220120.0,OI1401
2013-07-17 13:40:00,8066,8066,8056,8056,458,114206,36923960.0,OI1401
2013-07-17 13:41:00,8058,8062,8056,8056,390,114458,31441800.0,OI1401
2013-07-17 13:42:00,8058,8060,8050,8050,226,114542,18220120.0,OI1401
2013-07-17 13:43:00,8052,8054,8050,8052,214,114576,17252680.0,OI1401
2013-07-17 13:44:00,8054,8054,8048,8050,490,114682,39503800.0,OI1401
2013-07-17 13:45:00,8050,8050,8046,8048,324,114840,26120880.0,OI1401
2013-07-17 13:46:00,8048,8050,8046,8046,194,114924,15640280.0,OI1401
2013-07-17 13:47:00,8046,8048,8044,8046,292,115086,23541040.0,OI1401
2013-07-17 13:48:00,8046,8046,8044,8046,74,115106,5965880.0,OI1401
2013-07-17 13:49:00,8046,8050,8044,8050,226,115184,18220120.0,OI1401
2013-07-17 13:50:00,8050,8050,8042,8044,150,115192,12093000.0,OI1401
2013-07-17 13:51:00,8044,8048,8044,8048,194,115186,15640280.0,OI1401
2013-07-17 13:52:00,8046,8052,8046,8052,148,115192,11931760.0,OI1401
2013-07-17 13:53:00,8054,8054,8048,8050,154,115142,12415480.0,OI1401
2013-07-17 13:54:00,8052,8054,8050,8054,156,115028,12576720.0,OI1401
2013-07-17 13:55:00,8052,8056,8050,8054,294,114866,23702280.0,OI1401
2013-07-17 13:56:00,8052,8056,8052,8052,126,114788,10158120.0,OI1401
2013-07-17 13:57:00,8054,8060,8052,8058,462,114716,37246440.0,OI1401
2013-07-17 13:58:00,8058,8060,8054,8060,220,114598,17736400.0,OI1401
2013-07-17 13:59:00,8060,8062,8058,8060,152,114536,12254240.0,OI1401
2013-07-17 14:00:00,8056,8056,8054,8056,52,114546,4192240.0,OI1401
2013-07-17 14:01:00,8058,8060,8058,8058,34,114548,2741080.0,OI1401
2013-07-17 14:02:00,8058,8058,8056,8056,20,114544,1612400.0,OI1401
2013-07-17 14:03:00,8056,8058,8054,8054,72,114532,5804640.0,OI1401
2013-07-17 14:04:00,8056,8056,8054,8054,52,114556,4192240.0,OI1401
2013-07-17 14:05:00,8054,8056,8054,8054,34,114550,2741080.0,OI1401
2013-07-17 14:06:00,8052,8054,8052,8054,20,114552,1612400.0,OI1401
2013-07-17 14:07:00,8056,8056,8056,8056,22,114532,1773640.0,OI1401
2013-07-17 14:08:00,8056,8056,8054,8056,34,114536,2741080.0,OI1401
2013-07-17 14:09:00,8056,8056,8054,8054,26,114544,2096120.0,OI1401
2013-07-17 14:10:00,8054,8056,8054,8056,100,114540,8062000.0,OI1401
2013-07-17 14:11:00,8056,8056,8056,8056,26,114550,2096120.0,OI1401
2013-07-17 14:12:00,8056,8056,8054,8054,18,114564,1451160.0,OI1401
2013-07-17 14:13:00,8054,8056,8054,8056,28,114580,2257360.0,OI1401
2013-07-17 14:14:00,8056,8056,8052,8052,192,114608,15479040.0,OI1401
2013-07-17 14:15:00,8052,8056,8052,8054,32,114614,2579840.0,OI1401
2013-07-17 14:16:00,8054,8054,8052,8052,12,114620,967440.0,OI1401
2013-07-17 14:17:00,8052,8054,8046,8046,166,114738,13382920.0,OI1401
2013-07-17 14:18:00,8048,8050,8046,8050,122,114756,9835640.0,OI1401
2013-07-17 14:19:00,8048,8050,8048,8048,18,114766,1451160.0,OI1401
2013-07-17 14:20:00,8048,8050,8046,8048,170,114784,13705400.0,OI1401
2013-07-17 14:21:00,8048,8052,8048,8052,146,114850,11770520.0,OI1401
2013-07-17 14:22:00,8052,8052,8050,8050,84,114816,6772080.0,OI1401
2013-07-17 14:23:00,8050,8050,8048,8048,36,114792,2902320.0,OI1401
2013-07-17 14:24:00,8050,8052,8050,8052,54,114754,4353480.0,OI1401
2013-07-17 14:25:00,8052,8056,8052,8056,80,114692,6449600.0,OI1401
2013-07-17 14:26:00,8054,8068,8054,8064,518,114566,41761160.0,OI1401
2013-07-17 14:27:00,8066,8066,8062,8062,176,114580,14189120.0,OI1401
2013-07-17 14:28:00,8062,8064,8060,8064,344,114618,27733280.0,OI1401
2013-07-17 14:29:00,8062,8064,8060,8062,88,114626,7094560.0,OI1401
2013-07-17 14:30:00,8060,8060,8060,8060,88,114600,7094560.0,OI1401
2013-07-17 14:31:00,8060,8062,8060,8062,28,114588,2257360.0,OI1401
2013-07-17 14:32:00,8062,8062,8052,8052,184,114634,14834080.0,OI1401
2013-07-17 14:33:00,8052,8058,8052,8058,142,114694,11448040.0,OI1401
2013-07-17 14:34:00,8058,8062,8056,8058,194,114808,15640280.0,OI1401
2013-07-17 14:35:00,8054,8058,8046,8048,496,115148,39987520.0,OI1401
2013-07-17 14:36:00,8048,8052,8042,8042,522,115480,42083640.0,OI1401
2013-07-17 14:37:00,8046,8052,8040,8052,212,115636,17091440.0,OI1401
2013-07-17 14:38:00,8052,8052,8052,8052,40,115650,3224800.0,OI1401
2013-07-17 14:39:00,8052,8054,8052,8052,60,115658,4837200.0,OI1401
2013-07-17 14:40:00,8052,8054,8052,8054,38,115650,3063560.0,OI1401
2013-07-17 14:41:00,8052,8052,8050,8052,80,115634,6449600.0,OI1401
2013-07-17 14:42:00,8052,8052,8050,8050,104,115692,8384480.0,OI1401
2013-07-17 14:43:00,8048,8050,8048,8048,68,115652,5482160.0,OI1401
2013-07-17 14:44:00,8048,8052,8048,8052,74,115656,5965880.0,OI1401
2013-07-17 14:45:00,8052,8052,8052,8052,92,115714,7417040.0,OI1401
2013-07-17 14:46:00,8052,8052,8050,8052,14,115722,1128680.0,OI1401
2013-07-17 14:47:00,8050,8050,8050,8050,44,115746,3547280.0,OI1401
2013-07-17 14:48:00,8050,8052,8048,8048,50,115736,4031000.0,OI1401
2013-07-17 14:49:00,8048,8050,8048,8048,138,115688,11125560.0,OI1401
2013-07-17 14:50:00,8046,8048,8044,8048,72,115670,5804640.0,OI1401
2013-07-17 14:51:00,8050,8050,8046,8046,40,115660,3224800.0,OI1401
2013-07-17 14:52:00,8048,8048,8046,8048,84,115662,6772080.0,OI1401
2013-07-17 14:53:00,8050,8050,8048,8050,126,115618,10157440.0,OI1401
2013-07-17 14:54:00,8050,8052,8050,8052,72,115644,5803200.0,OI1401
2013-07-17 14:55:00,8052,8052,8050,8050,54,115612,4352400.0,OI1401
2013-07-17 14:56:00,8050,8052,8050,8050,78,115568,6286800.0,OI1401
2013-07-17 14:57:00,8050,8050,8048,8048,162,115500,13057200.0,OI1401
2013-07-17 14:58:00,8048,8050,8048,8048,270,115464,21762000.0,OI1401
2013-07-17 14:59:00,8048,8048,8040,8042,546,115424,44007600.0,OI1401
2013-07-18 09:00:00,8020,8028,8016,8026,824,115668,66085680.0,OI1401
2013-07-18 09:01:00,8030,8036,8020,8026,422,115640,33858720.0,OI1401
2013-07-18 09:02:00,8024,8032,8022,8030,416,115580,33379840.0,OI1401
2013-07-18 09:03:00,8032,8036,8030,8034,142,115548,11395960.0,OI1401
2013-07-18 09:04:00,8032,8034,8028,8032,242,115516,19422920.0,OI1401
2013-07-18 09:05:00,8032,8034,8030,8030,182,115558,14607320.0,OI1401
2013-07-18 09:06:00,8030,8030,8028,8028,104,115572,8347040.0,OI1401
2013-07-18 09:07:00,8028,8030,8026,8028,192,115572,15409920.0,OI1401
2013-07-18 09:08:00,8030,8032,8028,8030,202,115630,16214680.0,OI1401
2013-07-18 09:09:00,8032,8050,8032,8044,402,115504,32272880.0,OI1401
2013-07-18 09:10:00,8044,8074,8044,8060,1126,115192,90455240.0,OI1401
2013-07-18 09:11:00,8062,8064,8056,8058,718,115226,57722480.0,OI1401
2013-07-18 09:12:00,8060,8072,8056,8072,1094,115160,87994280.0,OI1401
2013-07-18 09:13:00,8072,8076,8066,8068,724,115240,58261040.0,OI1401
2013-07-18 09:14:00,8068,8070,8062,8066,232,115320,18671360.0,OI1401
2013-07-18 09:15:00,8068,8072,8066,8068,476,115310,38317280.0,OI1401
2013-07-18 09:16:00,8068,8074,8068,8074,402,115400,32364400.0,OI1401
2013-07-18 09:17:00,8074,8074,8066,8066,332,115386,26732640.0,OI1401
2013-07-18 09:18:00,8066,8066,8060,8064,250,115308,20130000.0,OI1401
2013-07-18 09:19:00,8066,8066,8062,8062,124,115282,9984480.0,OI1401
2013-07-18 09:20:00,8062,8068,8062,8068,80,115280,6441600.0,OI1401
2013-07-18 09:21:00,8068,8070,8064,8066,84,115270,6763680.0,OI1401
2013-07-18 09:22:00,8066,8066,8062,8064,88,115268,7085760.0,OI1401
2013-07-18 09:23:00,8064,8066,8062,8064,96,115230,7730840.0,OI1401
2013-07-18 09:24:00,8066,8066,8062,8062,100,115184,8054000.0,OI1401
2013-07-18 09:25:00,8062,8064,8062,8062,48,115208,3865920.0,OI1401
2013-07-18 09:26:00,8064,8068,8064,8068,92,115192,7409680.0,OI1401
2013-07-18 09:27:00,8068,8070,8066,8066,96,115222,7731840.0,OI1401
2013-07-18 09:28:00,8068,8068,8064,8066,58,115238,4671320.0,OI1401
2013-07-18 09:29:00,8066,8068,8066,8066,66,115254,5315640.0,OI1401
2013-07-18 09:30:00,8066,8066,8056,8058,444,115170,35759760.0,OI1401
2013-07-18 09:31:00,8058,8062,8056,8062,180,115158,14497200.0,OI1401
2013-07-18 09:32:00,8060,8066,8060,8066,190,115174,15302600.0,OI1401
2013-07-18 09:33:00,8066,8066,8064,8066,108,115162,8698320.0,OI1401
2013-07-18 09:34:00,8066,8070,8066,8068,180,115236,14497200.0,OI1401
2013-07-18 09:35:00,8068,8070,8066,8068,58,115222,4671320.0,OI1401
2013-07-18 09:36:00,8068,8068,8064,8064,198,115244,15946920.0,OI1401
2013-07-18 09:37:00,8066,8066,8064,8066,68,115240,5476720.0,OI1401
2013-07-18 09:38:00,8064,8064,8062,8064,94,115204,7572160.0,OI1401
2013-07-18 09:39:00,8062,8064,8062,8064,56,115220,4511360.0,OI1401
2013-07-18 09:40:00,8064,8064,8060,8060,82,115198,6605920.0,OI1401
2013-07-18 09:41:00,8060,8062,8060,8060,126,115170,10150560.0,OI1401
2013-07-18 09:42:00,8060,8062,8060,8060,70,115154,5639200.0,OI1401
2013-07-18 09:43:00,8060,8062,8058,8060,138,115196,11117280.0,OI1401
2013-07-18 09:44:00,8060,8064,8060,8062,62,115208,4994720.0,OI1401
2013-07-18 09:45:00,8062,8062,8060,8060,48,115194,3866880.0,OI1401
2013-07-18 09:46:00,8060,8064,8060,8064,46,115186,3705760.0,OI1401
2013-07-18 09:47:00,8064,8064,8064,8064,32,115188,2577920.0,OI1401
2013-07-18 09:48:00,8064,8064,8062,8062,44,115184,3544640.0,OI1401
2013-07-18 09:49:00,8060,8062,8058,8062,44,115200,3544640.0,OI1401
2013-07-18 09:50:00,8060,8060,8060,8060,44,115216,3544640.0,OI1401
2013-07-18 09:51:00,8058,8060,8058,8058,230,115276,18528800.0,OI1401
2013-07-18 09:52:00,8056,8056,8052,8052,322,115306,25940320.0,OI1401
2013-07-18 09:53:00,8052,8058,8050,8056,324,115326,26101440.0,OI1401
2013-07-18 09:54:00,8054,8056,8054,8054,142,115384,11439520.0,OI1401
2013-07-18 09:55:00,8054,8056,8054,8054,48,115398,3866880.0,OI1401
2013-07-18 09:56:00,8056,8058,8056,8056,76,115378,6122560.0,OI1401
2013-07-18 09:57:00,8056,8062,8056,8062,428,115684,34479680.0,OI1401
2013-07-18 09:58:00,8062,8062,8058,8058,38,115676,3061280.0,OI1401
2013-07-18 09:59:00,8056,8056,8044,8046,320,115610,25779200.0,OI1401
2013-07-18 10:00:00,8048,8050,8042,8044,280,115560,22556800.0,OI1401
2013-07-18 10:01:00,8044,8046,8044,8046,190,115574,15306400.0,OI1401
2013-07-18 10:02:00,8046,8048,8046,8048,96,115578,7733760.0,OI1401
2013-07-18 10:03:00,8048,8052,8046,8050,156,115578,12567360.0,OI1401
2013-07-18 10:04:00,8050,8050,8048,8048,64,115592,5155840.0,OI1401
2013-07-18 10:05:00,8048,8052,8048,8050,54,115608,4350240.0,OI1401
2013-07-18 10:06:00,8050,8054,8048,8048,116,115598,9344960.0,OI1401
2013-07-18 10:07:00,8054,8054,8048,8050,86,115582,6926800.0,OI1401
2013-07-18 10:08:00,8048,8050,8046,8050,40,115584,3221600.0,OI1401
2013-07-18 10:09:00,8048,8052,8046,8048,76,115574,6121040.0,OI1401
2013-07-18 10:10:00,8048,8048,8048,8048,32,115564,2577280.0,OI1401
2013-07-18 10:11:00,8050,8054,8050,8052,74,115568,5959960.0,OI1401
2013-07-18 10:12:00,8052,8052,8052,8052,14,115576,1127560.0,OI1401
2013-07-18 10:13:00,8054,8054,8052,8052,40,115572,3221600.0,OI1401
2013-07-18 10:14:00,8052,8054,8052,8052,24,115566,1932960.0,OI1401
2013-07-18 10:30:00,8050,8052,8050,8052,24,115564,1932960.0,OI1401
2013-07-18 10:31:00,8054,8054,8052,8054,44,115552,3543760.0,OI1401
2013-07-18 10:32:00,8052,8052,8050,8050,30,115550,2416200.0,OI1401
2013-07-18 10:33:00,8052,8052,8052,8052,22,115568,1771880.0,OI1401
2013-07-18 10:34:00,8054,8056,8054,8054,38,115564,3060520.0,OI1401
2013-07-18 10:35:00,8054,8056,8054,8054,118,115462,9503720.0,OI1401
2013-07-18 10:36:00,8054,8054,8054,8054,32,115446,2577280.0,OI1401
2013-07-18 10:37:00,8054,8054,8052,8052,8,115446,644320.0,OI1401
2013-07-18 10:38:00,8052,8052,8052,8052,16,115448,1288640.0,OI1401
2013-07-18 10:39:00,8052,8052,8052,8052,26,115464,2094040.0,OI1401
2013-07-18 10:40:00,8052,8052,8052,8052,12,115476,966480.0,OI1401
2013-07-18 10:41:00,8052,8052,8052,8052,18,115470,1449720.0,OI1401
2013-07-18 10:42:00,8054,8054,8054,8054,72,115472,5798880.0,OI1401
2013-07-18 10:43:00,8054,8056,8054,8056,36,115458,2899440.0,OI1401
2013-07-18 10:44:00,8056,8056,8054,8054,36,115444,2899440.0,OI1401
2013-07-18 10:45:00,8056,8056,8056,8056,4,115440,322160.0,OI1401
2013-07-18 10:46:00,8056,8056,8054,8054,116,115400,9342640.0,OI1401
2013-07-18 10:47:00,8052,8052,8052,8052,4,115400,322160.0,OI1401
2013-07-18 10:48:00,8052,8054,8052,8052,8,115396,644320.0,OI1401
2013-07-18 10:49:00,8052,8054,8052,8054,20,115400,1610800.0,OI1401
2013-07-18 10:50:00,8054,8054,8052,8052,6,115400,483240.0,OI1401
2013-07-18 10:52:00,8052,8052,8052,8052,18,115402,1449720.0,OI1401
2013-07-18 10:53:00,8050,8050,8048,8050,96,115352,7731840.0,OI1401
2013-07-18 10:54:00,8050,8052,8048,8048,82,115352,6604280.0,OI1401
2013-07-18 10:55:00,8048,8050,8048,8050,32,115360,2577280.0,OI1401
2013-07-18 10:56:00,8050,8052,8050,8052,12,115368,966480.0,OI1401
2013-07-18 10:57:00,8052,8052,8050,8052,24,115370,1932960.0,OI1401
2013-07-18 10:58:00,8054,8054,8052,8052,8,115370,644320.0,OI1401
2013-07-18 10:59:00,8054,8054,8054,8054,24,115382,1932960.0,OI1401
2013-07-18 11:00:00,8054,8056,8054,8056,26,115372,2094040.0,OI1401
2013-07-18 11:01:00,8056,8056,8054,8054,22,115390,1771880.0,OI1401
2013-07-18 11:02:00,8052,8054,8052,8054,28,115376,2255120.0,OI1401
2013-07-18 11:03:00,8056,8056,8054,8054,24,115364,1932960.0,OI1401
2013-07-18 11:04:00,8054,8054,8054,8054,4,115362,322160.0,OI1401
2013-07-18 11:05:00,8054,8054,8054,8054,28,115346,2255120.0,OI1401
2013-07-18 11:06:00,8056,8056,8056,8056,2,115348,161080.0,OI1401
2013-07-18 11:07:00,8056,8060,8056,8058,244,115292,19651760.0,OI1401
2013-07-18 11:08:00,8060,8068,8060,8064,168,115238,13530720.0,OI1401
2013-07-18 11:09:00,8066,8066,8060,8060,110,115208,8860560.0,OI1401
2013-07-18 11:10:00,8058,8064,8058,8062,100,115222,8056000.0,OI1401
2013-07-18 11:11:00,8062,8062,8062,8062,52,115218,4189120.0,OI1401
2013-07-18 11:12:00,8062,8064,8060,8064,118,115166,9506080.0,OI1401
2013-07-18 11:13:00,8062,8066,8062,8066,38,115172,3061280.0,OI1401
2013-07-18 11:14:00,8064,8064,8062,8064,94,115190,7572640.0,OI1401
2013-07-18 11:15:00,8064,8066,8064,8064,62,115176,4994720.0,OI1401
2013-07-18 11:16:00,8062,8064,8062,8064,100,115194,8056000.0,OI1401
2013-07-18 11:17:00,8066,8066,8062,8062,22,115188,1772320.0,OI1401
2013-07-18 11:18:00,8064,8066,8064,8064,72,115220,5800320.0,OI1401
2013-07-18 11:19:00,8064,8074,8064,8072,590,115204,47530400.0,OI1401
2013-07-18 11:20:00,8074,8074,8072,8074,488,115128,39313280.0,OI1401
2013-07-18 11:21:00,8074,8076,8074,8074,388,115164,31257280.0,OI1401
2013-07-18 11:22:00,8074,8074,8072,8074,228,115000,18367680.0,OI1401
2013-07-18 11:23:00,8074,8076,8074,8074,162,114944,13051640.0,OI1401
2013-07-18 11:24:00,8074,8074,8072,8072,186,114848,14987880.0,OI1401
2013-07-18 11:25:00,8074,8076,8072,8076,500,114866,40290000.0,OI1401
2013-07-18 11:26:00,8074,8080,8070,8074,850,114786,68493000.0,OI1401
2013-07-18 11:27:00,8074,8076,8068,8070,318,114750,25624440.0,OI1401
2013-07-18 11:28:00,8070,8072,8070,8070,92,114716,7413360.0,OI1401
2013-07-18 11:29:00,8072,8076,8070,8076,248,114614,19983840.0,OI1401
2013-07-18 13:30:00,8074,8078,8072,8074,456,114594,36750880.0,OI1401
2013-07-18 13:31:00,8074,8074,8070,8070,284,114476,22890400.0,OI1401
2013-07-18 13:32:00,8070,8072,8070,8070,54,114470,4352400.0,OI1401
2013-07-18 13:33:00,8070,8070,8064,8064,162,114490,13057200.0,OI1401
2013-07-18 13:34:00,8064,8068,8062,8064,140,114444,11284000.0,OI1401
2013-07-18 13:35:00,8064,8066,8064,8064,92,114438,7415200.0,OI1401
2013-07-18 13:36:00,8062,8064,8062,8064,84,114440,6770400.0,OI1401
2013-07-18 13:37:00,8062,8066,8062,8064,84,114460,6770400.0,OI1401
2013-07-18 13:38:00,8064,8066,8064,8064,110,114462,8866000.0,OI1401
2013-07-18 13:39:00,8066,8066,8066,8066,30,114462,2418000.0,OI1401
2013-07-18 13:40:00,8066,8066,8066,8066,28,114450,2256800.0,OI1401
2013-07-18 13:41:00,8066,8066,8064,8064,68,114450,5480800.0,OI1401
2013-07-18 13:42:00,8064,8066,8064,8066,136,114518,10961600.0,OI1401
2013-07-18 13:43:00,8064,8066,8064,8066,14,114520,1128400.0,OI1401
2013-07-18 13:44:00,8064,8066,8064,8064,196,114502,15797600.0,OI1401
2013-07-18 13:45:00,8064,8064,8064,8064,66,114446,5319600.0,OI1401
2013-07-18 13:46:00,8064,8064,8062,8062,288,114410,23212800.0,OI1401
2013-07-18 13:47:00,8060,8064,8060,8064,94,114398,7576400.0,OI1401
2013-07-18 13:48:00,8064,8064,8062,8062,76,114380,6125600.0,OI1401
2013-07-18 13:49:00,8060,8062,8058,8058,252,114478,20311200.0,OI1401
2013-07-18 13:50:00,8056,8060,8056,8058,14,114484,1128400.0,OI1401
2013-07-18 13:51:00,8060,8062,8058,8062,170,114438,13702000.0,OI1401
2013-07-18 13:52:00,8060,8060,8058,8058,68,114448,5480800.0,OI1401
2013-07-18 13:53:00,8058,8060,8058,8058,64,114482,5158400.0,OI1401
2013-07-18 13:54:00,8060,8060,8060,8060,18,114466,1450800.0,OI1401
2013-07-18 13:55:00,8060,8060,8060,8060,196,114582,15797600.0,OI1401
2013-07-18 13:56:00,8060,8060,8060,8060,24,114594,1934400.0,OI1401
2013-07-18 13:57:00,8060,8062,8060,8060,60,114604,4836000.0,OI1401
2013-07-18 13:58:00,8062,8062,8060,8062,60,114604,4836000.0,OI1401
2013-07-18 13:59:00,8062,8066,8062,8066,116,114568,9349600.0,OI1401
2013-07-18 14:00:00,8064,8064,8062,8062,66,114558,5319600.0,OI1401
2013-07-18 14:01:00,8062,8064,8060,8064,102,114628,8221200.0,OI1401
2013-07-18 14:02:00,8062,8062,8060,8060,100,114702,8060000.0,OI1401
2013-07-18 14:03:00,8062,8062,8062,8062,16,114700,1289600.0,OI1401
2013-07-18 14:04:00,8064,8064,8062,8062,52,114724,4191200.0,OI1401
2013-07-18 14:05:00,8064,8064,8062,8064,26,114724,2095600.0,OI1401
2013-07-18 14:06:00,8064,8064,8064,8064,26,114730,2095600.0,OI1401
2013-07-18 14:07:00,8064,8064,8062,8062,8,114730,644800.0,OI1401
2013-07-18 14:08:00,8064,8064,8062,8062,36,114728,2901600.0,OI1401
2013-07-18 14:09:00,8062,8062,8062,8062,30,114744,2418000.0,OI1401
2013-07-18 14:10:00,8062,8062,8062,8062,18,114726,1450800.0,OI1401
2013-07-18 14:11:00,8062,8062,8062,8062,8,114732,644800.0,OI1401
2013-07-18 14:12:00,8062,8062,8062,8062,6,114734,483600.0,OI1401
2013-07-18 14:13:00,8060,8062,8060,8060,34,114734,2740400.0,OI1401
2013-07-18 14:14:00,8060,8062,8060,8060,120,114752,9672000.0,OI1401
2013-07-18 14:15:00,8060,8060,8060,8060,14,114754,1128400.0,OI1401
2013-07-18 14:16:00,8058,8060,8058,8058,20,114754,1612000.0,OI1401
2013-07-18 14:17:00,8058,8060,8058,8060,22,114742,1773200.0,OI1401
2013-07-18 14:18:00,8058,8060,8058,8060,22,114752,1773200.0,OI1401
2013-07-18 14:19:00,8062,8062,8060,8062,132,114734,10639200.0,OI1401
2013-07-18 14:20:00,8064,8064,8062,8064,34,114718,2740400.0,OI1401
2013-07-18 14:21:00,8064,8066,8064,8066,54,114710,4352400.0,OI1401
2013-07-18 14:22:00,8066,8066,8064,8064,58,114696,4674800.0,OI1401
2013-07-18 14:23:00,8066,8066,8064,8066,66,114692,5319600.0,OI1401
2013-07-18 14:24:00,8066,8066,8066,8066,56,114700,4513600.0,OI1401
2013-07-18 14:25:00,8064,8064,8064,8064,64,114646,5158400.0,OI1401
2013-07-18 14:26:00,8064,8064,8064,8064,58,114648,4674800.0,OI1401
2013-07-18 14:27:00,8064,8068,8064,8068,56,114634,4513600.0,OI1401
2013-07-18 14:28:00,8068,8068,8066,8066,38,114622,3062800.0,OI1401
2013-07-18 14:29:00,8066,8068,8066,8066,100,114686,8060000.0,OI1401
2013-07-18 14:30:00,8068,8068,8066,8068,378,114576,30466800.0,OI1401
2013-07-18 14:31:00,8068,8070,8068,8070,74,114546,5964400.0,OI1401
2013-07-18 14:32:00,8070,8072,8068,8070,42,114528,3385200.0,OI1401
2013-07-18 14:33:00,8070,8070,8068,8070,204,114424,16442400.0,OI1401
2013-07-18 14:34:00,8068,8068,8066,8066,132,114406,10639200.0,OI1401
2013-07-18 14:35:00,8066,8068,8066,8066,56,114420,4513600.0,OI1401
2013-07-18 14:36:00,8066,8066,8064,8066,18,114426,1450800.0,OI1401
2013-07-18 14:37:00,8064,8068,8064,8066,60,114436,4836000.0,OI1401
2013-07-18 14:38:00,8066,8068,8066,8068,8,114432,644800.0,OI1401
2013-07-18 14:39:00,8068,8068,8066,8066,24,114430,1934400.0,OI1401
2013-07-18 14:40:00,8066,8068,8066,8068,62,114416,4997200.0,OI1401
2013-07-18 14:41:00,8068,8070,8068,8070,62,114416,4997200.0,OI1401
2013-07-18 14:42:00,8068,8068,8064,8064,82,114428,6609200.0,OI1401
2013-07-18 14:43:00,8066,8068,8064,8068,82,114440,6609200.0,OI1401
2013-07-18 14:44:00,8066,8068,8066,8066,102,114442,8221200.0,OI1401
2013-07-18 14:45:00,8066,8068,8066,8068,58,114460,4674800.0,OI1401
2013-07-18 14:46:00,8068,8070,8066,8066,72,114486,5803200.0,OI1401
2013-07-18 14:47:00,8068,8068,8066,8068,92,114518,7415200.0,OI1401
2013-07-18 14:48:00,8068,8070,8068,8068,66,114552,5319600.0,OI1401
2013-07-18 14:49:00,8068,8068,8066,8068,82,114536,6609200.0,OI1401
2013-07-18 14:50:00,8070,8074,8068,8072,232,114528,18699200.0,OI1401
2013-07-18 14:51:00,8072,8076,8072,8074,270,114536,21762000.0,OI1401
2013-07-18 14:52:00,8074,8076,8068,8070,134,114504,10800400.0,OI1401
2013-07-18 14:53:00,8070,8072,8066,8072,172,114486,13863200.0,OI1401
2013-07-18 14:54:00,8074,8074,8070,8072,86,114500,6931600.0,OI1401
2013-07-18 14:55:00,8072,8074,8068,8068,126,114518,10155600.0,OI1401
2013-07-18 14:56:00,8068,8072,8066,8072,104,114520,8382560.0,OI1401
2013-07-18 14:57:00,8070,8072,8070,8070,338,114480,27249560.0,OI1401
2013-07-18 14:58:00,8070,8072,8068,8068,276,114502,22251120.0,OI1401
2013-07-18 14:59:00,8068,8072,8068,8070,302,114554,24347240.0,OI1401
2013-07-19 09:00:00,8082,8082,8072,8076,420,114582,33937000.0,OI1401
2013-07-19 09:01:00,8074,8078,8056,8058,304,114616,24553360.0,OI1401
2013-07-19 09:02:00,8052,8072,8052,8068,402,114688,32445440.0,OI1401
2013-07-19 09:03:00,8068,8074,8068,8072,228,114734,18399600.0,OI1401
2013-07-19 09:04:00,8070,8070,8068,8068,108,114738,8715600.0,OI1401
2013-07-19 09:05:00,8066,8068,8064,8066,202,114798,16301400.0,OI1401
2013-07-19 09:06:00,8064,8072,8064,8072,174,114800,14041800.0,OI1401
2013-07-19 09:07:00,8070,8072,8064,8064,142,114796,11459400.0,OI1401
2013-07-19 09:08:00,8064,8066,8056,8062,266,114862,21464960.0,OI1401
2013-07-19 09:09:00,8062,8064,8058,8060,242,114976,19524560.0,OI1401
2013-07-19 09:10:00,8060,8064,8058,8060,186,115060,15006480.0,OI1401
2013-07-19 09:11:00,8060,8060,8056,8056,190,115168,15329040.0,OI1401
2013-07-19 09:12:00,8056,8062,8056,8060,348,115376,28069680.0,OI1401
2013-07-19 09:13:00,8062,8064,8060,8060,156,115372,12582960.0,OI1401
2013-07-19 09:14:00,8060,8062,8060,8060,86,115370,6936760.0,OI1401
2013-07-19 09:15:00,8060,8062,8058,8058,126,115396,10163160.0,OI1401
2013-07-19 09:16:00,8060,8060,8058,8058,124,115416,10001840.0,OI1401
2013-07-19 09:17:00,8058,8060,8058,8060,126,115374,10163160.0,OI1401
2013-07-19 09:18:00,8060,8062,8060,8060,68,115356,5484880.0,OI1401
2013-07-19 09:19:00,8060,8060,8058,8060,140,115396,11289680.0,OI1401
2013-07-19 09:20:00,8058,8062,8058,8062,140,115416,11289600.0,OI1401
2013-07-19 09:21:00,8060,8062,8060,8060,50,115404,4032000.0,OI1401
2013-07-19 09:22:00,8060,8062,8058,8060,184,115478,14837760.0,OI1401
2013-07-19 09:23:00,8060,8060,8056,8056,130,115440,10483200.0,OI1401
2013-07-19 09:24:00,8056,8058,8056,8058,20,115440,1612800.0,OI1401
2013-07-19 09:25:00,8056,8058,8050,8054,342,115554,27578880.0,OI1401
2013-07-19 09:26:00,8052,8052,8046,8048,882,115732,71111760.0,OI1401
2013-07-19 09:27:00,8046,8052,8046,8050,442,115894,35629400.0,OI1401
2013-07-19 09:28:00,8052,8052,8048,8048,126,115900,10155600.0,OI1401
2013-07-19 09:29:00,8050,8050,8048,8048,232,116044,18699200.0,OI1401
2013-07-19 09:30:00,8048,8056,8048,8056,168,116070,13540800.0,OI1401
2013-07-19 09:31:00,8056,8056,8054,8054,92,116084,7415200.0,OI1401
2013-07-19 09:32:00,8056,8058,8056,8056,82,116042,6609200.0,OI1401
2013-07-19 09:33:00,8056,8058,8054,8056,36,116050,2901600.0,OI1401
2013-07-19 09:34:00,8056,8056,8054,8054,20,116046,1612000.0,OI1401
2013-07-19 09:35:00,8054,8056,8054,8056,36,116060,2901600.0,OI1401
2013-07-19 09:36:00,8056,8056,8050,8052,140,116070,11284000.0,OI1401
2013-07-19 09:37:00,8052,8054,8050,8052,150,116122,12090000.0,OI1401
2013-07-19 09:38:00,8052,8052,8050,8050,204,116252,16442400.0,OI1401
2013-07-19 09:39:00,8050,8052,8048,8052,172,116328,13863200.0,OI1401
2013-07-19 09:40:00,8052,8054,8052,8054,42,116360,3384720.0,OI1401
2013-07-19 09:41:00,8054,8054,8052,8054,54,116344,4351320.0,OI1401
2013-07-19 09:42:00,8050,8052,8050,8052,202,116410,16277160.0,OI1401
2013-07-19 09:43:00,8050,8052,8048,8052,312,116554,25140960.0,OI1401
2013-07-19 09:44:00,8050,8050,8046,8046,288,116632,23207040.0,OI1401
2013-07-19 09:45:00,8046,8048,8042,8044,814,116952,65590200.0,OI1401
2013-07-19 09:46:00,8042,8046,8042,8044,288,117120,23201280.0,OI1401
2013-07-19 09:47:00,8046,8046,8044,8046,190,117208,15306400.0,OI1401
2013-07-19 09:48:00,8046,8046,8044,8044,102,117218,8217120.0,OI1401
2013-07-19 09:49:00,8044,8048,8044,8048,92,117258,7411520.0,OI1401
2013-07-19 09:50:00,8048,8048,8044,8044,314,117176,25295840.0,OI1401
2013-07-19 09:51:00,8046,8046,8044,8044,94,117134,7572640.0,OI1401
2013-07-19 09:52:00,8044,8046,8044,8046,230,117050,18528800.0,OI1401
2013-07-19 09:53:00,8046,8048,8044,8048,86,117016,6928160.0,OI1401
2013-07-19 09:54:00,8048,8048,8046,8048,138,116980,11117280.0,OI1401
2013-07-19 09:55:00,8048,8048,8046,8048,98,116900,7894880.0,OI1401
2013-07-19 09:56:00,8048,8052,8046,8046,128,116826,10311680.0,OI1401
2013-07-19 09:57:00,8048,8048,8046,8048,56,116840,4511360.0,OI1401
2013-07-19 09:58:00,8048,8048,8044,8044,276,116866,22232920.0,OI1401
2013-07-19 09:59:00,8044,8046,8042,8046,172,116878,13852880.0,OI1401
2013-07-19 10:00:00,8046,8048,8044,8046,100,116910,8054000.0,OI1401
2013-07-19 10:01:00,8046,8048,8046,8046,48,116942,3865920.0,OI1401
2013-07-19 10:02:00,8046,8048,8046,8048,10,116948,805400.0,OI1401
2013-07-19 10:03:00,8048,8048,8046,8048,70,116952,5637800.0,OI1401
2013-07-19 10:04:00,8048,8048,8046,8048,162,117040,13047480.0,OI1401
2013-07-19 10:05:00,8048,8048,8046,8048,148,117142,11919920.0,OI1401
2013-07-19 10:06:00,8048,8048,8048,8048,4,117144,322160.0,OI1401
2013-07-19 10:07:00,8048,8054,8048,8054,250,117134,20135000.0,OI1401
2013-07-19 10:08:00,8054,8058,8054,8058,306,116984,24645240.0,OI1401
2013-07-19 10:09:00,8056,8060,8056,8060,274,116890,22067960.0,OI1401
2013-07-19 10:10:00,8062,8062,8058,8058,234,116814,18846360.0,OI1401
2013-07-19 10:11:00,8058,8062,8056,8058,194,116744,15624760.0,OI1401
2013-07-19 10:12:00,8060,8060,8058,8058,82,116724,6604280.0,OI1401
2013-07-19 10:13:00,8058,8058,8056,8058,100,116692,8054000.0,OI1401
2013-07-19 10:14:00,8060,8064,8060,8064,272,116660,21906880.0,OI1401
2013-07-19 10:30:00,8064,8086,8062,8084,1622,116718,130670160.0,OI1401
2013-07-19 10:31:00,8082,8082,8072,8072,880,116522,70910400.0,OI1401
2013-07-19 10:32:00,8074,8082,8072,8076,704,116342,56730800.0,OI1401
2013-07-19 10:33:00,8078,8082,8076,8080,774,116266,62384400.0,OI1401
2013-07-19 10:34:00,8080,8084,8080,8082,474,116328,38204400.0,OI1401
2013-07-19 10:35:00,8082,8082,8074,8074,568,116444,45786000.0,OI1401
2013-07-19 10:36:00,8076,8080,8074,8080,244,116512,19671280.0,OI1401
2013-07-19 10:37:00,8078,8080,8076,8078,236,116450,19026320.0,OI1401
2013-07-19 10:38:00,8078,8080,8078,8078,66,116438,5320920.0,OI1401
2013-07-19 10:39:00,8078,8078,8076,8076,140,116476,11286800.0,OI1401
2013-07-19 10:40:00,8076,8078,8074,8074,126,116416,10158120.0,OI1401
2013-07-19 10:41:00,8076,8076,8072,8076,202,116380,16285240.0,OI1401
2013-07-19 10:42:00,8074,8076,8072,8072,102,116346,8223240.0,OI1401
2013-07-19 10:43:00,8076,8076,8072,8072,162,116332,13060440.0,OI1401
2013-07-19 10:44:00,8072,8076,8072,8074,116,116376,9351920.0,OI1401
2013-07-19 10:45:00,8076,8078,8074,8074,234,116326,18865080.0,OI1401
2013-07-19 10:46:00,8074,8076,8074,8074,86,116304,6933320.0,OI1401
2013-07-19 10:47:00,8074,8076,8074,8074,80,116342,6449600.0,OI1401
2013-07-19 10:48:00,8074,8074,8074,8074,52,116336,4192240.0,OI1401
2013-07-19 10:49:00,8074,8074,8066,8066,260,116340,20961200.0,OI1401
2013-07-19 10:50:00,8066,8068,8064,8066,238,116300,19187560.0,OI1401
2013-07-19 10:51:00,8066,8068,8066,8066,142,116352,11448040.0,OI1401
2013-07-19 10:52:00,8066,8066,8062,8064,212,116396,17091440.0,OI1401
2013-07-19 10:53:00,8064,8066,8058,8060,320,116382,25798400.0,OI1401
2013-07-19 10:54:00,8060,8060,8056,8060,392,116402,31603040.0,OI1401
2013-07-19 10:55:00,8060,8060,8056,8056,154,116400,12415480.0,OI1401
2013-07-19 10:56:00,8058,8060,8056,8056,280,116530,22573600.0,OI1401
2013-07-19 10:57:00,8056,8058,8054,8056,214,116516,17252680.0,OI1401
2013-07-19 10:58:00,8056,8060,8056,8060,242,116626,19510040.0,OI1401
2013-07-19 10:59:00,8060,8062,8058,8060,134,116648,10803080.0,OI1401
2013-07-19 11:00:00,8060,8062,8056,8062,284,116758,22896080.0,OI1401
2013-07-19 11:01:00,8062,8064,8062,8062,120,116796,9674400.0,OI1401
2013-07-19 11:02:00,8062,8062,8060,8060,58,116798,4675960.0,OI1401
2013-07-19 11:03:00,8060,8062,8060,8062,120,116830,9674400.0,OI1401
2013-07-19 11:04:00,8062,8062,8058,8060,236,116906,19026320.0,OI1401
2013-07-19 11:05:00,8060,8062,8058,8060,42,116920,3386040.0,OI1401
2013-07-19 11:06:00,8062,8064,8060,8062,94,116936,7578280.0,OI1401
2013-07-19 11:07:00,8064,8064,8062,8062,72,116956,5804640.0,OI1401
2013-07-19 11:08:00,8062,8064,8062,8062,54,116968,4353480.0,OI1401
2013-07-19 11:09:00,8064,8066,8062,8064,98,117006,7900760.0,OI1401
2013-07-19 11:10:00,8062,8064,8062,8062,50,117024,4031000.0,OI1401
2013-07-19 11:11:00,8062,8062,8060,8060,104,116992,8384480.0,OI1401
2013-07-19 11:12:00,8062,8062,8060,8062,94,116974,7578280.0,OI1401
2013-07-19 11:13:00,8062,8062,8060,8062,52,116976,4192240.0,OI1401
2013-07-19 11:14:00,8062,8064,8062,8062,74,116974,5965880.0,OI1401
2013-07-19 11:15:00,8062,8062,8058,8058,178,116968,14350360.0,OI1401
2013-07-19 11:16:00,8058,8058,8054,8054,120,117062,9674400.0,OI1401
2013-07-19 11:17:00,8054,8062,8054,8060,104,117064,8384480.0,OI1401
2013-07-19 11:18:00,8060,8060,8054,8058,84,117132,6772080.0,OI1401
2013-07-19 11:19:00,8054,8056,8054,8056,14,117126,1128680.0,OI1401
2013-07-19 11:20:00,8056,8056,8050,8052,560,117076,45147200.0,OI1401
2013-07-19 11:21:00,8050,8052,8048,8048,220,117110,17736400.0,OI1401
2013-07-19 11:22:00,8052,8054,8048,8054,138,117126,11125560.0,OI1401
2013-07-19 11:23:00,8052,8054,8050,8054,62,117142,4998440.0,OI1401
2013-07-19 11:24:00,8054,8054,8054,8054,26,117130,2096120.0,OI1401
2013-07-19 11:25:00,8052,8052,8050,8050,64,117126,5159680.0,OI1401
2013-07-19 11:26:00,8050,8054,8050,8052,218,117170,17575160.0,OI1401
2013-07-19 11:27:00,8050,8050,8048,8050,142,117246,11448040.0,OI1401
2013-07-19 11:28:00,8048,8048,8046,8046,278,117268,22412360.0,OI1401
2013-07-19 11:29:00,8046,8048,8046,8046,222,117230,17897640.0,OI1401
2013-07-19 13:30:00,8046,8050,8046,8050,338,117418,27249560.0,OI1401
2013-07-19 13:31:00,8052,8062,8048,8060,336,117194,27088320.0,OI1401
2013-07-19 13:32:00,8058,8058,8048,8050,192,117200,15479040.0,OI1401
2013-07-19 13:33:00,8050,8050,8034,8034,1184,117932,95437400.0,OI1401
2013-07-19 13:34:00,8036,8040,8036,8038,498,118070,40138800.0,OI1401
2013-07-19 13:35:00,8038,8044,8038,8040,558,118302,44974800.0,OI1401
2013-07-19 13:36:00,8042,8042,8038,8038,1132,118452,91239200.0,OI1401
2013-07-19 13:37:00,8038,8038,8024,8026,1476,119244,118936120.0,OI1401
2013-07-19 13:38:00,8028,8030,8026,8030,598,119762,48186840.0,OI1401
2013-07-19 13:39:00,8030,8034,8026,8034,770,120114,62037120.0,OI1401
2013-07-19 13:40:00,8034,8034,8028,8028,318,120346,25618080.0,OI1401
2013-07-19 13:41:00,8028,8030,8024,8026,524,120564,42213440.0,OI1401
2013-07-19 13:42:00,8028,8030,8026,8028,234,120714,18851040.0,OI1401
2013-07-19 13:43:00,8026,8030,8026,8028,212,120864,17078720.0,OI1401
2013-07-19 13:44:00,8030,8034,8028,8030,990,121044,79751600.0,OI1401
2013-07-19 13:45:00,8032,8032,8028,8030,464,121212,37370560.0,OI1401
2013-07-19 13:46:00,8030,8030,8026,8030,524,121230,42202960.0,OI1401
2013-07-19 13:47:00,8028,8030,8028,8028,172,121232,13852880.0,OI1401
2013-07-19 13:48:00,8028,8030,8028,8030,104,121258,8376160.0,OI1401
2013-07-19 13:49:00,8028,8030,8028,8030,356,121522,28672240.0,OI1401
2013-07-19 13:50:00,8028,8030,8022,8024,1502,122270,120963600.0,OI1401
2013-07-19 13:51:00,8024,8028,8024,8024,274,122378,22062480.0,OI1401
2013-07-19 13:52:00,8024,8026,8022,8024,212,122448,17070240.0,OI1401
2013-07-19 13:53:00,8024,8026,8022,8026,268,122552,21579360.0,OI1401
2013-07-19 13:54:00,8026,8026,8022,8022,260,122736,20935200.0,OI1401
2013-07-19 13:55:00,8022,8024,8022,8024,144,122818,11594880.0,OI1401
2013-07-19 13:56:00,8024,8026,8022,8024,334,122948,26893680.0,OI1401
2013-07-19 13:57:00,8022,8024,8022,8024,130,123032,10467600.0,OI1401
2013-07-19 13:58:00,8024,8024,8022,8024,126,123126,10145520.0,OI1401
2013-07-19 13:59:00,8024,8026,8022,8024,332,123208,26732640.0,OI1401
2013-07-19 14:00:00,8024,8024,8022,8022,136,123288,10950720.0,OI1401
2013-07-19 14:01:00,8022,8024,8018,8018,988,123802,79543080.0,OI1401
2013-07-19 14:02:00,8020,8022,8018,8022,306,123798,24633000.0,OI1401
2013-07-19 14:03:00,8022,8032,8020,8030,534,123678,42987000.0,OI1401
2013-07-19 14:04:00,8030,8034,8030,8030,390,123480,31395000.0,OI1401
2013-07-19 14:05:00,8030,8030,8028,8030,116,123424,9338000.0,OI1401
2013-07-19 14:06:00,8030,8030,8024,8024,292,123310,23506000.0,OI1401
2013-07-19 14:07:00,8024,8030,8022,8024,278,123406,22379000.0,OI1401
2013-07-19 14:08:00,8024,8030,8024,8024,520,123648,41860000.0,OI1401
2013-07-19 14:09:00,8024,8026,8022,8024,302,123908,24311000.0,OI1401
2013-07-19 14:10:00,8024,8026,8020,8022,438,124080,35256120.0,OI1401
2013-07-19 14:11:00,8022,8022,8006,8014,1800,124858,144864000.0,OI1401
2013-07-19 14:12:00,8014,8016,8006,8014,1048,125404,84337720.0,OI1401
2013-07-19 14:13:00,8012,8012,7988,7992,3774,127038,303623840.0,OI1401
2013-07-19 14:14:00,7992,7996,7988,7996,1738,127646,139778560.0,OI1401
2013-07-19 14:15:00,7996,7998,7982,7984,1796,128440,144416080.0,OI1401
2013-07-19 14:16:00,7984,7992,7982,7992,722,128840,58048800.0,OI1401
2013-07-19 14:17:00,7992,7994,7990,7992,702,128624,56436120.0,OI1401
2013-07-19 14:18:00,7994,7998,7988,7988,1142,129128,91793960.0,OI1401
2013-07-19 14:19:00,7988,7990,7986,7990,340,129234,27329200.0,OI1401
2013-07-19 14:20:00,7990,7992,7988,7988,572,129514,45977360.0,OI1401
2013-07-19 14:21:00,7988,7992,7988,7992,126,129576,10127880.0,OI1401
2013-07-19 14:22:00,7992,7994,7990,7992,148,129620,11896240.0,OI1401
2013-07-19 14:23:00,7992,7992,7988,7988,470,129874,37770560.0,OI1401
2013-07-19 14:24:00,7990,7990,7986,7988,584,130122,46930240.0,OI1401
2013-07-19 14:25:00,7988,7992,7988,7992,214,130110,17197040.0,OI1401
2013-07-19 14:26:00,7990,7992,7988,7990,230,130160,18482800.0,OI1401
2013-07-19 14:27:00,7990,7990,7988,7990,298,130240,23947280.0,OI1401
2013-07-19 14:28:00,7990,7994,7990,7992,376,130180,30215360.0,OI1401
2013-07-19 14:29:00,7992,7996,7992,7996,264,130020,21215040.0,OI1401
2013-07-19 14:30:00,7996,7998,7992,7996,428,130020,34393240.0,OI1401
2013-07-19 14:31:00,7996,7996,7990,7990,326,130054,26190840.0,OI1401
2013-07-19 14:32:00,7990,7990,7984,7984,1348,130564,108298320.0,OI1401
2013-07-19 14:33:00,7986,7990,7984,7988,456,130472,36635040.0,OI1401
2013-07-19 14:34:00,7990,7990,7986,7990,520,130436,41776800.0,OI1401
2013-07-19 14:35:00,7990,7990,7986,7986,304,130334,24419800.0,OI1401
2013-07-19 14:36:00,7986,7988,7978,7978,1594,131186,128030080.0,OI1401
2013-07-19 14:37:00,7978,7984,7976,7982,476,131222,38232320.0,OI1401
2013-07-19 14:38:00,7984,7984,7976,7980,920,131424,73885120.0,OI1401
2013-07-19 14:39:00,7978,7982,7978,7980,552,131500,44325600.0,OI1401
2013-07-19 14:40:00,7978,7982,7974,7978,548,131740,44004400.0,OI1401
2013-07-19 14:41:00,7976,7976,7972,7974,450,131926,36135000.0,OI1401
2013-07-19 14:42:00,7976,7976,7974,7976,300,132032,24090000.0,OI1401
2013-07-19 14:43:00,7974,7976,7974,7974,344,132014,27623040.0,OI1401
2013-07-19 14:44:00,7974,7978,7972,7976,328,132086,26331840.0,OI1401
2013-07-19 14:45:00,7974,7976,7970,7972,744,131808,59728320.0,OI1401
2013-07-19 14:46:00,7972,7972,7970,7970,532,131762,42708960.0,OI1401
2013-07-19 14:47:00,7970,7972,7964,7968,1222,131724,98095880.0,OI1401
2013-07-19 14:48:00,7968,7978,7968,7976,704,131350,56503040.0,OI1401
2013-07-19 14:49:00,7976,7982,7976,7980,546,131174,43821960.0,OI1401
2013-07-19 14:50:00,7978,7980,7976,7978,412,131010,33067120.0,OI1401
2013-07-19 14:51:00,7978,7980,7976,7978,312,130846,25041120.0,OI1401
2013-07-19 14:52:00,7978,7986,7976,7982,842,130558,67578920.0,OI1401
2013-07-19 14:53:00,7982,7984,7978,7978,392,130298,31454520.0,OI1401
2013-07-19 14:54:00,7980,7982,7976,7976,466,130030,37391840.0,OI1401
2013-07-19 14:55:00,7980,7980,7972,7974,396,129904,31775040.0,OI1401
2013-07-19 14:56:00,7974,7976,7972,7972,618,129914,49588320.0,OI1401
2013-07-19 14:57:00,7972,7974,7970,7972,466,129942,37391840.0,OI1401
2013-07-19 14:58:00,7974,7974,7972,7972,718,129626,57612320.0,OI1401
2013-07-19 14:59:00,7974,7974,7838,7940,3868,129588,310256560.0,OI1401
2013-07-22 09:00:00,7940,7968,7924,7924,2092,129132,166341880.0,OI1401
2013-07-22 09:01:00,7924,7960,7922,7958,1372,129068,108974040.0,OI1401
2013-07-22 09:02:00,7960,7964,7940,7940,1272,128976,101066080.0,OI1401
2013-07-22 09:03:00,7944,7948,7940,7942,370,128842,29400200.0,OI1401
2013-07-22 09:04:00,7944,7946,7932,7940,494,128890,39253240.0,OI1401
2013-07-22 09:05:00,7940,7942,7930,7932,350,128898,27807280.0,OI1401
2013-07-22 09:06:00,7938,7942,7930,7930,880,129112,69907200.0,OI1401
2013-07-22 09:07:00,7930,7932,7924,7928,522,129284,41461840.0,OI1401
2013-07-22 09:08:00,7928,7928,7896,7898,1730,130138,137358040.0,OI1401
2013-07-22 09:09:00,7900,7912,7898,7908,1326,130272,105213840.0,OI1401
2013-07-22 09:10:00,7908,7916,7908,7916,378,130278,29982960.0,OI1401
2013-07-22 09:11:00,7914,7930,7914,7928,788,130000,62504160.0,OI1401
2013-07-22 09:12:00,7928,7958,7928,7954,1966,129082,155947040.0,OI1401
2013-07-22 09:13:00,7952,7960,7946,7960,1776,128724,140918200.0,OI1401
2013-07-22 09:14:00,7964,7966,7958,7962,1528,128586,121279920.0,OI1401
2013-07-22 09:15:00,7962,7970,7958,7962,1258,128414,99876200.0,OI1401
2013-07-22 09:16:00,7962,7964,7946,7948,808,128408,64155200.0,OI1401
2013-07-22 09:17:00,7948,7960,7948,7960,890,128562,70677240.0,OI1401
2013-07-22 09:18:00,7960,7960,7950,7950,246,128618,19537320.0,OI1401
2013-07-22 09:19:00,7950,7950,7942,7948,520,128770,41298400.0,OI1401
2013-07-22 09:20:00,7948,7948,7942,7946,262,128816,20808040.0,OI1401
2013-07-22 09:21:00,7946,7946,7938,7940,652,129046,51781840.0,OI1401
2013-07-22 09:22:00,7940,7942,7932,7934,560,129004,44475200.0,OI1401
2013-07-22 09:23:00,7932,7932,7926,7930,484,129128,38439280.0,OI1401
2013-07-22 09:24:00,7930,7936,7930,7936,418,129144,33197560.0,OI1401
2013-07-22 09:25:00,7936,7940,7932,7938,498,129098,39551160.0,OI1401
2013-07-22 09:26:00,7938,7940,7936,7938,310,128960,24620200.0,OI1401
2013-07-22 09:27:00,7938,7940,7934,7934,422,128846,33515240.0,OI1401
2013-07-22 09:28:00,7934,7938,7932,7934,356,128612,28266480.0,OI1401
2013-07-22 09:29:00,7934,7942,7934,7940,266,128634,21120400.0,OI1401
2013-07-22 09:30:00,7942,7944,7938,7942,324,128680,25725600.0,OI1401
2013-07-22 09:31:00,7944,7944,7942,7942,160,128668,12704000.0,OI1401
2013-07-22 09:32:00,7942,7942,7940,7942,178,128618,14133200.0,OI1401
2013-07-22 09:33:00,7942,7944,7934,7944,338,128746,26837200.0,OI1401
2013-07-22 09:34:00,7944,7944,7940,7942,200,128730,15880000.0,OI1401
2013-07-22 09:35:00,7942,7942,7938,7942,96,128660,7622400.0,OI1401
2013-07-22 09:36:00,7938,7940,7936,7938,234,128606,18579600.0,OI1401
2013-07-22 09:37:00,7938,7940,7938,7940,66,128620,5240400.0,OI1401
2013-07-22 09:38:00,7940,7942,7936,7936,182,128584,14450800.0,OI1401
2013-07-22 09:39:00,7936,7938,7934,7936,306,128688,24296400.0,OI1401
2013-07-22 09:40:00,7934,7940,7932,7940,294,128746,23343600.0,OI1401
2013-07-22 09:41:00,7940,7946,7938,7946,402,128684,31918800.0,OI1401
2013-07-22 09:42:00,7944,7944,7942,7942,52,128664,4128800.0,OI1401
2013-07-22 09:43:00,7944,7946,7942,7942,106,128656,8416400.0,OI1401
2013-07-22 09:44:00,7944,7952,7944,7952,206,128594,16356400.0,OI1401
2013-07-22 09:45:00,7952,7952,7946,7950,268,128450,21280440.0,OI1401
2013-07-22 09:46:00,7950,7954,7948,7950,402,128422,31926840.0,OI1401
2013-07-22 09:47:00,7948,7956,7948,7950,200,128334,15884000.0,OI1401
2013-07-22 09:48:00,7950,7950,7946,7948,200,128232,15884000.0,OI1401
2013-07-22 09:49:00,7946,7948,7944,7946,302,128218,23984840.0,OI1401
2013-07-22 09:50:00,7946,7948,7944,7944,76,128216,6035920.0,OI1401
2013-07-22 09:51:00,7944,7944,7936,7940,144,128242,11436480.0,OI1401
2013-07-22 09:52:00,7938,7942,7938,7940,134,128264,10642280.0,OI1401
2013-07-22 09:53:00,7942,7942,7938,7940,54,128276,4288680.0,OI1401
2013-07-22 09:54:00,7938,7944,7938,7942,148,128324,11754160.0,OI1401
2013-07-22 09:55:00,7940,7942,7940,7940,44,128316,3494480.0,OI1401
2013-07-22 09:56:00,7942,7944,7940,7944,86,128360,6830120.0,OI1401
2013-07-22 09:57:00,7944,7944,7942,7944,116,128382,9212720.0,OI1401
2013-07-22 09:58:00,7946,7948,7944,7944,130,128418,10324600.0,OI1401
2013-07-22 09:59:00,7946,7946,7944,7946,26,128416,2064920.0,OI1401
2013-07-22 10:00:00,7948,7950,7944,7944,68,128390,5400560.0,OI1401
2013-07-22 10:01:00,7950,7954,7946,7954,226,128332,17948920.0,OI1401
2013-07-22 10:02:00,7954,7956,7952,7954,194,128280,15407480.0,OI1401
2013-07-22 10:03:00,7954,7956,7954,7954,136,128256,10801120.0,OI1401
2013-07-22 10:04:00,7952,7954,7952,7952,24,128252,1906080.0,OI1401
2013-07-22 10:05:00,7952,7952,7950,7950,60,128242,4765200.0,OI1401
2013-07-22 10:06:00,7948,7952,7948,7950,26,128240,2064920.0,OI1401
2013-07-22 10:07:00,7952,7952,7948,7948,64,128252,5082880.0,OI1401
2013-07-22 10:08:00,7950,7950,7948,7948,10,128250,794200.0,OI1401
2013-07-22 10:09:00,7948,7948,7948,7948,30,128258,2382600.0,OI1401
2013-07-22 10:10:00,7948,7948,7944,7946,98,128256,7783160.0,OI1401
2013-07-22 10:11:00,7946,7948,7946,7948,34,128256,2700280.0,OI1401
2013-07-22 10:12:00,7948,7950,7948,7950,90,128246,7147800.0,OI1401
2013-07-22 10:13:00,7950,7950,7948,7950,24,128236,1906080.0,OI1401
2013-07-22 10:14:00,7948,7952,7948,7952,132,128234,10483440.0,OI1401
2013-07-22 10:30:00,7952,7958,7952,7954,286,128178,22714120.0,OI1401
2013-07-22 10:31:00,7954,7956,7952,7954,302,128200,23984840.0,OI1401
2013-07-22 10:32:00,7952,7956,7952,7954,216,128158,17154720.0,OI1401
2013-07-22 10:33:00,7956,7956,7954,7956,184,128228,14613280.0,OI1401
2013-07-22 10:34:00,7956,7956,7952,7956,140,128218,11118800.0,OI1401
2013-07-22 10:35:00,7954,7958,7954,7958,120,128166,9530400.0,OI1401
2013-07-22 10:36:00,7958,7958,7952,7954,180,128242,14295600.0,OI1401
2013-07-22 10:37:00,7952,7952,7950,7952,52,128262,4129840.0,OI1401
2013-07-22 10:38:00,7950,7954,7950,7954,40,128264,3176800.0,OI1401
2013-07-22 10:39:00,7952,7958,7952,7956,508,128264,40345360.0,OI1401
2013-07-22 10:40:00,7956,7962,7956,7962,122,128220,9689240.0,OI1401
2013-07-22 10:41:00,7962,7964,7958,7958,320,128200,25414400.0,OI1401
2013-07-22 10:42:00,7958,7958,7952,7952,94,128228,7465480.0,OI1401
2013-07-22 10:43:00,7952,7952,7948,7952,222,128282,17631240.0,OI1401
2013-07-22 10:44:00,7952,7956,7950,7954,126,128214,10006920.0,OI1401
2013-07-22 10:45:00,7954,7958,7954,7958,178,128236,14140160.0,OI1401
2013-07-22 10:46:00,7958,7958,7956,7956,6,128234,476640.0,OI1401
2013-07-22 10:47:00,7956,7958,7956,7958,94,128184,7467360.0,OI1401
2013-07-22 10:48:00,7960,7962,7958,7958,304,128100,24149760.0,OI1401
2013-07-22 10:49:00,7958,7958,7952,7954,100,128034,7944000.0,OI1401
2013-07-22 10:50:00,7952,7956,7952,7954,42,128026,3336480.0,OI1401
2013-07-22 10:51:00,7956,7956,7954,7956,34,128024,2700960.0,OI1401
2013-07-22 10:52:00,7956,7958,7956,7956,108,128088,8579520.0,OI1401
2013-07-22 10:53:00,7956,7958,7956,7956,20,128100,1588800.0,OI1401
2013-07-22 10:54:00,7956,7956,7954,7954,156,128158,12392640.0,OI1401
2013-07-22 10:55:00,7954,7956,7954,7956,50,128150,3972000.0,OI1401
2013-07-22 10:56:00,7954,7956,7954,7954,66,128182,5243040.0,OI1401
2013-07-22 10:57:00,7952,7956,7952,7956,32,128202,2542080.0,OI1401
2013-07-22 10:58:00,7956,7956,7954,7956,68,128194,5401920.0,OI1401
2013-07-22 10:59:00,7956,7956,7956,7956,100,128198,7944000.0,OI1401
2013-07-22 11:00:00,7958,7958,7956,7958,124,128136,9850560.0,OI1401
2013-07-22 11:01:00,7956,7962,7956,7960,188,128114,14934720.0,OI1401
2013-07-22 11:02:00,7962,7962,7958,7960,114,128098,9056160.0,OI1401
2013-07-22 11:03:00,7962,7962,7960,7960,44,128100,3495360.0,OI1401
2013-07-22 11:04:00,7958,7960,7958,7958,80,128044,6355200.0,OI1401
2013-07-22 11:05:00,7958,7960,7956,7956,42,128012,3336480.0,OI1401
2013-07-22 11:06:00,7956,7958,7954,7958,76,127992,6037440.0,OI1401
2013-07-22 11:07:00,7958,7958,7956,7958,18,127980,1429920.0,OI1401
2013-07-22 11:08:00,7958,7960,7958,7960,110,127904,8738400.0,OI1401
2013-07-22 11:09:00,7960,7960,7958,7960,48,127890,3813120.0,OI1401
2013-07-22 11:10:00,7960,7964,7960,7964,192,127812,15252480.0,OI1401
2013-07-22 11:11:00,7964,7964,7962,7964,140,127780,11121600.0,OI1401
2013-07-22 11:12:00,7964,7964,7962,7962,70,127762,5560800.0,OI1401
2013-07-22 11:13:00,7962,7962,7960,7962,74,127756,5878560.0,OI1401
2013-07-22 11:14:00,7962,7968,7962,7964,380,127668,30187200.0,OI1401
2013-07-22 11:15:00,7966,7968,7964,7964,88,127670,6990720.0,OI1401
2013-07-22 11:16:00,7964,7966,7960,7960,394,127718,31299360.0,OI1401
2013-07-22 11:17:00,7958,7960,7948,7952,342,127704,27168480.0,OI1401
2013-07-22 11:18:00,7952,7954,7952,7952,100,127710,7944000.0,OI1401
2013-07-22 11:19:00,7954,7956,7952,7956,112,127758,8897280.0,OI1401
2013-07-22 11:20:00,7956,7958,7956,7956,30,127766,2383200.0,OI1401
2013-07-22 11:21:00,7956,7956,7954,7956,130,127738,10327200.0,OI1401
2013-07-22 11:22:00,7954,7954,7954,7954,32,127746,2542080.0,OI1401
2013-07-22 11:23:00,7954,7956,7952,7954,108,127742,8579520.0,OI1401
2013-07-22 11:24:00,7954,7954,7952,7954,144,127660,11439360.0,OI1401
2013-07-22 11:25:00,7954,7954,7954,7954,58,127612,4607520.0,OI1401
2013-07-22 11:26:00,7952,7952,7952,7952,6,127614,476640.0,OI1401
2013-07-22 11:27:00,7952,7954,7952,7952,196,127582,15570240.0,OI1401
2013-07-22 11:28:00,7952,7952,7948,7948,270,127580,21448800.0,OI1401
2013-07-22 11:29:00,7948,7948,7944,7948,544,127558,43215360.0,OI1401
2013-07-22 13:30:00,7950,7956,7950,7954,258,127614,20495520.0,OI1401
2013-07-22 13:31:00,7954,7954,7948,7948,226,127716,17956480.0,OI1401
2013-07-22 13:32:00,7948,7950,7946,7948,220,127798,17481200.0,OI1401
2013-07-22 13:33:00,7948,7952,7948,7952,150,127820,11919000.0,OI1401
2013-07-22 13:34:00,7952,7952,7948,7948,116,127862,9217360.0,OI1401
2013-07-22 13:35:00,7948,7950,7948,7948,136,127906,10806560.0,OI1401
2013-07-22 13:36:00,7950,7950,7948,7950,26,127900,2065960.0,OI1401
2013-07-22 13:37:00,7950,7950,7948,7950,24,127892,1907040.0,OI1401
2013-07-22 13:38:00,7948,7950,7948,7948,14,127886,1112440.0,OI1401
2013-07-22 13:39:00,7950,7950,7948,7950,24,127886,1907040.0,OI1401
2013-07-22 13:40:00,7948,7950,7948,7948,12,127888,953520.0,OI1401
2013-07-22 13:41:00,7948,7950,7948,7950,56,127874,4449760.0,OI1401
2013-07-22 13:42:00,7948,7948,7946,7948,62,127916,4926520.0,OI1401
2013-07-22 13:43:00,7948,7948,7946,7946,70,127894,5562200.0,OI1401
2013-07-22 13:44:00,7946,7948,7942,7946,556,127902,44179760.0,OI1401
2013-07-22 13:45:00,7946,7946,7942,7946,152,127974,12077920.0,OI1401
2013-07-22 13:46:00,7946,7948,7944,7946,90,128000,7151400.0,OI1401
2013-07-22 13:47:00,7946,7946,7946,7946,14,128006,1112440.0,OI1401
2013-07-22 13:48:00,7948,7948,7946,7946,38,127986,3019480.0,OI1401
2013-07-22 13:49:00,7946,7948,7946,7948,28,127968,2224880.0,OI1401
2013-07-22 13:50:00,7944,7948,7944,7946,30,127968,2383800.0,OI1401
2013-07-22 13:51:00,7946,7946,7944,7946,132,128060,10488720.0,OI1401
2013-07-22 13:52:00,7946,7948,7946,7948,88,128112,6992480.0,OI1401
2013-07-22 13:53:00,7946,7948,7946,7946,12,128108,953520.0,OI1401
2013-07-22 13:54:00,7946,7948,7944,7948,64,128138,5085440.0,OI1401
2013-07-22 13:55:00,7948,7962,7948,7960,410,128078,32578600.0,OI1401
2013-07-22 13:56:00,7960,7960,7954,7956,292,128120,23202320.0,OI1401
2013-07-22 13:57:00,7954,7956,7954,7956,44,128108,3496240.0,OI1401
2013-07-22 13:58:00,7958,7958,7956,7956,22,128114,1748120.0,OI1401
2013-07-22 13:59:00,7956,7958,7956,7956,44,128112,3496240.0,OI1401
2013-07-22 14:00:00,7956,7956,7954,7954,126,128158,10011960.0,OI1401
2013-07-22 14:01:00,7954,7954,7954,7954,30,128180,2383800.0,OI1401
2013-07-22 14:02:00,7956,7956,7954,7954,32,128176,2542720.0,OI1401
2013-07-22 14:03:00,7954,7956,7954,7954,72,128146,5721120.0,OI1401
2013-07-22 14:04:00,7954,7954,7954,7954,36,128118,2860560.0,OI1401
2013-07-22 14:05:00,7954,7954,7952,7954,18,128120,1430280.0,OI1401
2013-07-22 14:06:00,7954,7954,7952,7954,14,128120,1112440.0,OI1401
2013-07-22 14:07:00,7954,7956,7954,7956,24,128126,1907040.0,OI1401
2013-07-22 14:08:00,7956,7956,7956,7956,14,128132,1112440.0,OI1401
2013-07-22 14:09:00,7956,7958,7954,7956,124,128034,9853040.0,OI1401
2013-07-22 14:10:00,7956,7958,7956,7956,24,128012,1907040.0,OI1401
2013-07-22 14:11:00,7956,7956,7956,7956,26,127998,2065960.0,OI1401
2013-07-22 14:12:00,7956,7956,7956,7956,10,127996,794600.0,OI1401
2013-07-22 14:13:00,7956,7956,7956,7956,16,127996,1271360.0,OI1401
2013-07-22 14:14:00,7956,7956,7954,7954,18,127984,1430280.0,OI1401
2013-07-22 14:15:00,7954,7956,7954,7956,68,127958,5403280.0,OI1401
2013-07-22 14:16:00,7954,7958,7954,7956,198,127964,15733080.0,OI1401
2013-07-22 14:17:00,7958,7958,7956,7956,124,127986,9853040.0,OI1401
2013-07-22 14:18:00,7954,7954,7940,7940,524,128064,41637040.0,OI1401
2013-07-22 14:19:00,7940,7942,7938,7938,418,128168,33214280.0,OI1401
2013-07-22 14:20:00,7938,7938,7928,7928,1126,128338,89471960.0,OI1401
2013-07-22 14:21:00,7928,7936,7926,7936,956,128792,75958600.0,OI1401
2013-07-22 14:22:00,7934,7936,7932,7934,288,128922,22878720.0,OI1401
2013-07-22 14:23:00,7934,7944,7932,7938,736,128670,58467840.0,OI1401
2013-07-22 14:24:00,7940,7942,7936,7936,138,128698,10962720.0,OI1401
2013-07-22 14:25:00,7936,7940,7936,7940,168,128778,13345920.0,OI1401
2013-07-22 14:26:00,7938,7940,7936,7936,182,128814,14458080.0,OI1401
2013-07-22 14:27:00,7936,7938,7936,7938,110,128806,8738400.0,OI1401
2013-07-22 14:28:00,7940,7940,7938,7938,74,128818,5878560.0,OI1401
2013-07-22 14:29:00,7938,7938,7934,7936,158,128846,12551520.0,OI1401
2013-07-22 14:30:00,7936,7936,7932,7934,178,128808,14140320.0,OI1401
2013-07-22 14:31:00,7932,7934,7930,7932,378,128832,30028320.0,OI1401
2013-07-22 14:32:00,7932,7934,7930,7932,178,128878,14140320.0,OI1401
2013-07-22 14:33:00,7932,7934,7930,7934,194,128936,15411360.0,OI1401
2013-07-22 14:34:00,7934,7934,7932,7932,70,128940,5560800.0,OI1401
2013-07-22 14:35:00,7932,7934,7932,7934,186,128942,14775840.0,OI1401
2013-07-22 14:36:00,7934,7934,7934,7934,252,128888,20018880.0,OI1401
2013-07-22 14:37:00,7934,7938,7932,7936,232,128754,18430080.0,OI1401
2013-07-22 14:38:00,7938,7938,7932,7934,368,128658,29233920.0,OI1401
2013-07-22 14:39:00,7934,7934,7930,7932,248,128626,19701120.0,OI1401
2013-07-22 14:40:00,7932,7932,7926,7928,390,128762,30981600.0,OI1401
2013-07-22 14:41:00,7928,7928,7920,7922,1224,129110,97234560.0,OI1401
2013-07-22 14:42:00,7922,7922,7916,7922,912,129160,72449280.0,OI1401
2013-07-22 14:43:00,7920,7924,7918,7922,350,129108,27804000.0,OI1401
2013-07-22 14:44:00,7924,7924,7922,7924,126,129116,10007560.0,OI1401
2013-07-22 14:45:00,7922,7922,7914,7918,646,129234,51305320.0,OI1401
2013-07-22 14:46:00,7918,7920,7914,7916,436,129452,34627120.0,OI1401
2013-07-22 14:47:00,7914,7924,7912,7922,538,129532,42727960.0,OI1401
2013-07-22 14:48:00,7922,7934,7922,7932,808,129220,64171360.0,OI1401
2013-07-22 14:49:00,7932,7934,7928,7932,446,129030,35421320.0,OI1401
2013-07-22 14:50:00,7932,7936,7930,7934,532,128920,42251440.0,OI1401
2013-07-22 14:51:00,7934,7936,7934,7936,328,128674,26049760.0,OI1401
2013-07-22 14:52:00,7936,7936,7934,7934,280,128526,22237600.0,OI1401
2013-07-22 14:53:00,7934,7936,7930,7936,218,128464,17313560.0,OI1401
2013-07-22 14:54:00,7936,7942,7936,7942,440,128222,34944800.0,OI1401
2013-07-22 14:55:00,7942,7942,7938,7938,338,128192,26843960.0,OI1401
2013-07-22 14:56:00,7938,7940,7930,7936,222,128118,17631240.0,OI1401
2013-07-22 14:57:00,7934,7938,7934,7938,248,127986,19696160.0,OI1401
2013-07-22 14:58:00,7936,7942,7930,7940,668,127572,53052560.0,OI1401
2013-07-22 14:59:00,7940,7942,7932,7938,616,127278,48922720.0,OI1401
2013-07-23 09:00:00,7948,7948,7932,7936,510,127404,40522360.0,OI1401
2013-07-23 09:01:00,7938,7942,7934,7942,664,127094,52734880.0,OI1401
2013-07-23 09:02:00,7944,7952,7944,7950,754,126922,59891160.0,OI1401
2013-07-23 09:03:00,7950,7954,7948,7952,552,126842,43859160.0,OI1401
2013-07-23 09:04:00,7952,7960,7950,7954,530,126646,42118560.0,OI1401
2013-07-23 09:05:00,7954,7954,7950,7950,368,126764,29248640.0,OI1401
2013-07-23 09:06:00,7950,7952,7944,7948,208,126688,16531840.0,OI1401
2013-07-23 09:07:00,7946,7952,7946,7952,218,126624,17326640.0,OI1401
2013-07-23 09:08:00,7952,7960,7952,7954,504,126746,40063920.0,OI1401
2013-07-23 09:09:00,7954,7958,7954,7954,218,126646,17331000.0,OI1401
2013-07-23 09:10:00,7954,7956,7952,7954,176,126612,13992000.0,OI1401
2013-07-23 09:11:00,7954,7956,7952,7956,180,126600,14310000.0,OI1401
2013-07-23 09:12:00,7954,7954,7946,7948,534,126606,42453000.0,OI1401
2013-07-23 09:13:00,7950,7952,7948,7948,152,126654,12084000.0,OI1401
2013-07-23 09:14:00,7948,7956,7948,7956,304,126486,24168000.0,OI1401
2013-07-23 09:15:00,7954,7958,7952,7954,282,126344,22419000.0,OI1401
2013-07-23 09:16:00,7952,7954,7948,7950,196,126410,15582000.0,OI1401
2013-07-23 09:17:00,7950,7950,7948,7950,92,126418,7314000.0,OI1401
2013-07-23 09:18:00,7950,7952,7948,7948,60,126428,4770000.0,OI1401
2013-07-23 09:19:00,7950,7952,7950,7952,164,126450,13038000.0,OI1401
2013-07-23 09:20:00,7954,7954,7946,7948,244,126532,19398000.0,OI1401
2013-07-23 09:21:00,7948,7948,7934,7938,674,126660,53583000.0,OI1401
2013-07-23 09:22:00,7938,7942,7934,7936,548,126736,43565360.0,OI1401
2013-07-23 09:23:00,7936,7938,7934,7938,450,126794,35766000.0,OI1401
2013-07-23 09:24:00,7938,7940,7934,7934,306,126800,24320880.0,OI1401
2013-07-23 09:25:00,7934,7938,7934,7936,244,126772,19393120.0,OI1401
2013-07-23 09:26:00,7938,7940,7934,7936,326,126818,25910480.0,OI1401
2013-07-23 09:27:00,7936,7938,7934,7936,364,126886,28928120.0,OI1401
2013-07-23 09:28:00,7934,7938,7934,7934,116,126930,9217360.0,OI1401
2013-07-23 09:29:00,7936,7946,7936,7946,438,126788,34803480.0,OI1401
2013-07-23 09:30:00,7948,7950,7938,7940,344,126718,27334240.0,OI1401
2013-07-23 09:31:00,7940,7942,7936,7938,258,126724,20500680.0,OI1401
2013-07-23 09:32:00,7938,7940,7938,7938,40,126724,3178400.0,OI1401
2013-07-23 09:33:00,7938,7938,7934,7936,120,126688,9535200.0,OI1401
2013-07-23 09:34:00,7936,7936,7932,7934,362,126784,28764520.0,OI1401
2013-07-23 09:35:00,7934,7936,7934,7936,568,126898,45133280.0,OI1401
2013-07-23 09:36:00,7936,7942,7936,7936,356,126708,28287760.0,OI1401
2013-07-23 09:37:00,7936,7938,7936,7936,128,126626,10169320.0,OI1401
2013-07-23 09:38:00,7936,7942,7934,7940,478,126550,37972320.0,OI1401
2013-07-23 09:39:00,7940,7942,7936,7936,238,126606,18906720.0,OI1401
2013-07-23 09:40:00,7938,7940,7936,7940,178,126626,14140320.0,OI1401
2013-07-23 09:41:00,7938,7940,7934,7936,186,126716,14775840.0,OI1401
2013-07-23 09:42:00,7936,7936,7936,7936,96,126784,7626240.0,OI1401
2013-07-23 09:43:00,7938,7938,7936,7938,70,126754,5560800.0,OI1401
2013-07-23 09:44:00,7938,7938,7936,7938,72,126702,5719680.0,OI1401
2013-07-23 09:45:00,7938,7938,7936,7938,78,126710,6196320.0,OI1401
2013-07-23 09:46:00,7940,7944,7938,7940,400,126484,31776000.0,OI1401
2013-07-23 09:47:00,7940,7942,7938,7940,230,126320,18271200.0,OI1401
2013-07-23 09:48:00,7940,7946,7938,7944,520,126212,41308800.0,OI1401
2013-07-23 09:49:00,7942,7944,7942,7942,60,126188,4766400.0,OI1401
2013-07-23 09:50:00,7942,7946,7942,7946,208,126200,16523520.0,OI1401
2013-07-23 09:51:00,7946,7948,7944,7948,286,126084,22719840.0,OI1401
2013-07-23 09:52:00,7948,7950,7942,7942,320,125992,25420800.0,OI1401
2013-07-23 09:53:00,7942,7950,7942,7948,440,125824,34953600.0,OI1401
2013-07-23 09:54:00,7946,7948,7946,7948,266,125748,21131040.0,OI1401
2013-07-23 09:55:00,7948,7950,7946,7946,64,125714,5084160.0,OI1401
2013-07-23 09:56:00,7946,7948,7946,7948,38,125688,3018720.0,OI1401
2013-07-23 09:57:00,7946,7948,7946,7948,38,125680,3018720.0,OI1401
2013-07-23 09:58:00,7946,7948,7946,7946,204,125594,16205760.0,OI1401
2013-07-23 09:59:00,7948,7950,7946,7948,110,125512,8738400.0,OI1401
2013-07-23 10:00:00,7950,7954,7950,7954,398,125426,31617120.0,OI1401
2013-07-23 10:01:00,7952,7956,7952,7952,204,125300,16205760.0,OI1401
2013-07-23 10:02:00,7952,7952,7950,7950,154,125154,12233760.0,OI1401
2013-07-23 10:03:00,7952,7952,7946,7950,180,125094,14299200.0,OI1401
2013-07-23 10:04:00,7948,7954,7948,7952,330,124988,26217720.0,OI1401
2013-07-23 10:05:00,7952,7952,7950,7950,56,124990,4449760.0,OI1401
2013-07-23 10:06:00,7952,7954,7950,7952,70,125020,5562200.0,OI1401
2013-07-23 10:07:00,7952,7954,7950,7952,50,125050,3973000.0,OI1401
2013-07-23 10:08:00,7952,7952,7950,7950,42,125072,3337320.0,OI1401
2013-07-23 10:09:00,7950,7950,7950,7950,20,125072,1589200.0,OI1401
2013-07-23 10:10:00,7948,7952,7944,7948,224,124972,17799040.0,OI1401
2013-07-23 10:11:00,7946,7952,7946,7950,178,124882,14143880.0,OI1401
2013-07-23 10:12:00,7954,7954,7952,7952,184,124854,14620640.0,OI1401
2013-07-23 10:13:00,7952,7954,7952,7952,110,124886,8740600.0,OI1401
2013-07-23 10:14:00,7952,7952,7952,7952,24,124884,1907040.0,OI1401
2013-07-23 10:30:00,7954,7954,7950,7952,78,124832,6197880.0,OI1401
2013-07-23 10:31:00,7952,7954,7952,7954,66,124780,5244360.0,OI1401
2013-07-23 10:32:00,7954,7956,7950,7950,266,124688,21136360.0,OI1401
2013-07-23 10:33:00,7950,7956,7944,7950,512,124504,40683520.0,OI1401
2013-07-23 10:34:00,7950,7954,7948,7950,324,124404,25745040.0,OI1401
2013-07-23 10:35:00,7950,7952,7950,7952,246,124500,19547160.0,OI1401
2013-07-23 10:36:00,7952,7952,7950,7950,100,124488,7946000.0,OI1401
2013-07-23 10:37:00,7950,7954,7950,7954,130,124426,10329800.0,OI1401
2013-07-23 10:38:00,7952,7952,7950,7952,74,124416,5880040.0,OI1401
2013-07-23 10:39:00,7950,7952,7950,7950,112,124426,8899520.0,OI1401
2013-07-23 10:40:00,7950,7950,7944,7944,186,124372,14779560.0,OI1401
2013-07-23 10:41:00,7944,7946,7942,7944,304,124242,24155840.0,OI1401
2013-07-23 10:42:00,7944,7950,7944,7950,204,124130,16209840.0,OI1401
2013-07-23 10:43:00,7948,7950,7944,7944,94,124082,7469240.0,OI1401
2013-07-23 10:44:00,7948,7954,7948,7954,260,123916,20659600.0,OI1401
2013-07-23 10:45:00,7952,7954,7952,7952,296,123754,23520160.0,OI1401
2013-07-23 10:46:00,7952,7954,7950,7950,54,123760,4290840.0,OI1401
2013-07-23 10:47:00,7952,7952,7950,7950,70,123712,5562200.0,OI1401
2013-07-23 10:48:00,7950,7952,7948,7948,148,123606,11760080.0,OI1401
2013-07-23 10:49:00,7950,7956,7948,7950,264,123480,20977440.0,OI1401
2013-07-23 10:50:00,7954,7954,7948,7950,136,123444,10806560.0,OI1401
2013-07-23 10:51:00,7954,7954,7952,7954,336,123212,26698560.0,OI1401
2013-07-23 10:52:00,7954,7954,7952,7952,92,123158,7310320.0,OI1401
2013-07-23 10:53:00,7954,7958,7954,7956,544,122996,43226240.0,OI1401
2013-07-23 10:54:00,7956,7958,7956,7956,352,123096,27969920.0,OI1401
2013-07-23 10:55:00,7958,7958,7952,7954,564,122892,44825520.0,OI1401
2013-07-23 10:56:00,7954,7958,7954,7956,284,122816,22572320.0,OI1401
2013-07-23 10:57:00,7956,7958,7956,7956,196,122868,15578080.0,OI1401
2013-07-23 10:58:00,7958,7958,7956,7958,210,122728,16690800.0,OI1401
2013-07-23 10:59:00,7956,7960,7956,7958,302,122660,24002960.0,OI1401
2013-07-23 11:00:00,7958,7964,7958,7960,844,122960,67081120.0,OI1401
2013-07-23 11:01:00,7960,7960,7956,7958,220,122914,17485600.0,OI1401
2013-07-23 11:02:00,7958,7960,7954,7960,556,122756,44190880.0,OI1401
2013-07-23 11:03:00,7958,7962,7958,7960,144,122756,11445120.0,OI1401
2013-07-23 11:04:00,7958,7962,7958,7962,298,122616,23685040.0,OI1401
2013-07-23 11:05:00,7960,7962,7958,7958,154,122620,12239920.0,OI1401
2013-07-23 11:06:00,7960,7962,7958,7962,438,122526,34812240.0,OI1401
2013-07-23 11:07:00,7962,7966,7960,7966,270,122562,21459600.0,OI1401
2013-07-23 11:08:00,7964,7966,7962,7962,190,122568,15101200.0,OI1401
2013-07-23 11:09:00,7964,7968,7962,7966,744,122322,59147600.0,OI1401
2013-07-23 11:10:00,7966,7974,7964,7974,1512,121852,120204000.0,OI1401
2013-07-23 11:11:00,7974,7976,7970,7972,1150,121632,91431360.0,OI1401
2013-07-23 11:12:00,7972,7984,7972,7976,1290,121266,102580800.0,OI1401
2013-07-23 11:13:00,7978,7980,7976,7978,630,121076,50097600.0,OI1401
2013-07-23 11:14:00,7978,7978,7972,7976,584,121178,46443160.0,OI1401
2013-07-23 11:15:00,7976,7976,7966,7972,1056,121060,83994240.0,OI1401
2013-07-23 11:16:00,7972,7972,7968,7968,534,121106,42474360.0,OI1401
2013-07-23 11:17:00,7970,7974,7970,7972,218,121120,17339720.0,OI1401
2013-07-23 11:18:00,7974,7974,7972,7974,338,121030,26884520.0,OI1401
2013-07-23 11:19:00,7974,7974,7970,7974,382,120950,30384280.0,OI1401
2013-07-23 11:20:00,7974,7974,7970,7974,234,120882,18612360.0,OI1401
2013-07-23 11:21:00,7974,7978,7972,7974,530,120868,42156200.0,OI1401
2013-07-23 11:22:00,7972,7978,7972,7976,476,120746,37862640.0,OI1401
2013-07-23 11:23:00,7976,7978,7976,7978,384,120690,30551040.0,OI1401
2013-07-23 11:24:00,7978,7984,7978,7980,748,120338,59510880.0,OI1401
2013-07-23 11:25:00,7978,7982,7976,7978,534,120478,42485040.0,OI1401
2013-07-23 11:26:00,7976,7978,7974,7978,422,120474,33574320.0,OI1401
2013-07-23 11:27:00,7976,7982,7976,7980,296,120404,23549760.0,OI1401
2013-07-23 11:28:00,7980,7982,7976,7976,482,120444,38347920.0,OI1401
2013-07-23 11:29:00,7976,7982,7976,7980,252,120430,20049120.0,OI1401
2013-07-23 13:30:00,7980,7990,7980,7986,1704,120100,135598720.0,OI1401
2013-07-23 13:31:00,7980,7988,7980,7982,460,120024,36606800.0,OI1401
2013-07-23 13:32:00,7984,7986,7980,7980,592,119988,47111360.0,OI1401
2013-07-23 13:33:00,7980,7982,7972,7972,466,119914,37084280.0,OI1401
2013-07-23 13:34:00,7972,7974,7958,7962,1054,120220,83877320.0,OI1401
2013-07-23 13:35:00,7964,7966,7964,7966,312,120206,24828960.0,OI1401
2013-07-23 13:36:00,7966,7968,7964,7966,216,120108,17191240.0,OI1401
2013-07-23 13:37:00,7966,7972,7966,7972,276,120036,21969600.0,OI1401
2013-07-23 13:38:00,7972,7972,7968,7968,64,120042,5094400.0,OI1401
2013-07-23 13:39:00,7968,7968,7964,7968,108,120034,8596800.0,OI1401
2013-07-23 13:40:00,7966,7968,7966,7968,68,120026,5412800.0,OI1401
2013-07-23 13:41:00,7968,7968,7966,7966,146,120008,11621600.0,OI1401
2013-07-23 13:42:00,7966,7968,7966,7968,236,119888,18785600.0,OI1401
2013-07-23 13:43:00,7968,7968,7966,7968,66,119908,5253600.0,OI1401
2013-07-23 13:44:00,7970,7970,7968,7968,60,119886,4776000.0,OI1401
2013-07-23 13:45:00,7968,7970,7968,7968,68,119876,5412800.0,OI1401
2013-07-23 13:46:00,7970,7972,7970,7972,174,119836,13850400.0,OI1401
2013-07-23 13:47:00,7972,7974,7970,7972,94,119878,7482400.0,OI1401
2013-07-23 13:48:00,7972,7972,7968,7968,62,119924,4935200.0,OI1401
2013-07-23 13:49:00,7970,7970,7968,7970,72,119914,5731200.0,OI1401
2013-07-23 13:50:00,7970,7970,7968,7968,64,119950,5094400.0,OI1401
2013-07-23 13:51:00,7968,7970,7968,7970,74,119968,5890400.0,OI1401
2013-07-23 13:52:00,7970,7970,7970,7970,42,120008,3343200.0,OI1401
2013-07-23 13:53:00,7970,7970,7968,7970,186,119998,14805600.0,OI1401
2013-07-23 13:54:00,7972,7972,7968,7968,122,120034,9711200.0,OI1401
2013-07-23 13:55:00,7968,7970,7966,7966,228,120088,18148800.0,OI1401
2013-07-23 13:56:00,7966,7966,7964,7966,76,120072,6049600.0,OI1401
2013-07-23 13:57:00,7966,7966,7964,7964,110,119998,8756000.0,OI1401
2013-07-23 13:58:00,7964,7964,7962,7964,258,119880,20536800.0,OI1401
2013-07-23 13:59:00,7966,7968,7964,7968,76,119866,6049600.0,OI1401
2013-07-23 14:00:00,7968,7970,7964,7970,174,119740,13850400.0,OI1401
2013-07-23 14:01:00,7968,7968,7964,7968,56,119716,4457600.0,OI1401
2013-07-23 14:02:00,7966,7966,7966,7966,4,119718,318400.0,OI1401
2013-07-23 14:03:00,7966,7972,7966,7970,140,119626,11144000.0,OI1401
2013-07-23 14:04:00,7970,7970,7968,7970,18,119620,1432800.0,OI1401
2013-07-23 14:05:00,7968,7972,7968,7970,92,119670,7323200.0,OI1401
2013-07-23 14:06:00,7970,7976,7970,7974,450,119632,35820000.0,OI1401
2013-07-23 14:07:00,7972,7974,7972,7974,36,119636,2865600.0,OI1401
2013-07-23 14:08:00,7974,7976,7972,7972,176,119666,14009600.0,OI1401
2013-07-23 14:09:00,7974,7976,7972,7976,178,119572,14168800.0,OI1401
2013-07-23 14:10:00,7978,7978,7974,7974,122,119540,9711200.0,OI1401
2013-07-23 14:11:00,7974,7974,7974,7974,30,119514,2388000.0,OI1401
2013-07-23 14:12:00,7974,7974,7970,7972,64,119490,5094400.0,OI1401
2013-07-23 14:13:00,7972,7974,7970,7972,54,119476,4298400.0,OI1401
2013-07-23 14:15:00,7970,7972,7970,7972,24,119482,1910400.0,OI1401
2013-07-23 14:16:00,7972,7972,7972,7972,8,119478,636800.0,OI1401
2013-07-23 14:17:00,7970,7974,7970,7974,64,119496,5094400.0,OI1401
2013-07-23 14:18:00,7974,7982,7974,7982,194,119462,15442400.0,OI1401
2013-07-23 14:19:00,7982,7984,7980,7980,298,119474,23720800.0,OI1401
2013-07-23 14:20:00,7982,7984,7980,7984,190,119478,15124000.0,OI1401
2013-07-23 14:21:00,7984,7984,7978,7980,270,119556,21492000.0,OI1401
2013-07-23 14:22:00,7978,7980,7978,7980,48,119532,3820800.0,OI1401
2013-07-23 14:23:00,7980,7980,7976,7976,50,119502,3980000.0,OI1401
2013-07-23 14:24:00,7978,7980,7978,7980,34,119490,2706400.0,OI1401
2013-07-23 14:25:00,7978,7980,7978,7978,92,119528,7323200.0,OI1401
2013-07-23 14:26:00,7980,7982,7980,7982,52,119530,4139200.0,OI1401
2013-07-23 14:27:00,7980,7982,7978,7978,58,119544,4616800.0,OI1401
2013-07-23 14:28:00,7976,7978,7976,7978,24,119540,1910400.0,OI1401
2013-07-23 14:29:00,7976,7978,7976,7978,50,119534,3980000.0,OI1401
2013-07-23 14:30:00,7978,7980,7978,7978,46,119538,3661600.0,OI1401
2013-07-23 14:31:00,7978,7980,7976,7980,108,119472,8596800.0,OI1401
2013-07-23 14:32:00,7980,7982,7978,7982,112,119442,8915200.0,OI1401
2013-07-23 14:33:00,7984,7984,7982,7982,92,119416,7323200.0,OI1401
2013-07-23 14:34:00,7982,7984,7980,7980,100,119394,7960000.0,OI1401
2013-07-23 14:35:00,7982,7982,7980,7982,192,119418,15283200.0,OI1401
2013-07-23 14:36:00,7982,7986,7980,7980,150,119386,11940000.0,OI1401
2013-07-23 14:37:00,7982,7982,7978,7978,202,119358,16079200.0,OI1401
2013-07-23 14:38:00,7980,7980,7976,7978,38,119358,3024800.0,OI1401
2013-07-23 14:39:00,7978,7980,7976,7980,106,119316,8437600.0,OI1401
2013-07-23 14:40:00,7980,7982,7980,7982,142,119342,11303200.0,OI1401
2013-07-23 14:41:00,7982,7984,7982,7982,86,119358,6846120.0,OI1401
2013-07-23 14:42:00,7982,7990,7982,7988,362,119150,28822440.0,OI1401
2013-07-23 14:43:00,7990,7990,7986,7990,368,119060,29300160.0,OI1401
2013-07-23 14:44:00,7988,7990,7988,7988,256,119158,20382720.0,OI1401
2013-07-23 14:45:00,7988,7990,7986,7990,154,119076,12261480.0,OI1401
2013-07-23 14:46:00,7990,7992,7986,7992,504,119164,40128480.0,OI1401
2013-07-23 14:47:00,7990,7992,7986,7986,236,119172,18790320.0,OI1401
2013-07-23 14:48:00,7986,7988,7980,7982,278,119192,22134360.0,OI1401
2013-07-23 14:49:00,7982,7984,7980,7982,148,119146,11783760.0,OI1401
2013-07-23 14:50:00,7982,7986,7982,7986,146,119118,11624520.0,OI1401
2013-07-23 14:51:00,7984,7988,7984,7986,120,119104,9554400.0,OI1401
2013-07-23 14:52:00,7986,7990,7984,7990,292,119198,23249040.0,OI1401
2013-07-23 14:53:00,7990,7994,7990,7992,658,119316,52389960.0,OI1401
2013-07-23 14:54:00,7994,7994,7990,7992,316,119360,25159920.0,OI1401
2013-07-23 14:55:00,7990,7992,7990,7992,162,119372,12898440.0,OI1401
2013-07-23 14:56:00,7990,7992,7988,7990,242,119426,19271440.0,OI1401
2013-07-23 14:57:00,7988,7990,7984,7984,106,119376,8441840.0,OI1401
2013-07-23 14:58:00,7984,7988,7980,7982,304,119230,24210560.0,OI1401
2013-07-23 14:59:00,7982,7986,7980,7982,270,119312,21502800.0,OI1401
2013-07-24 09:00:00,7938,7938,7926,7936,1160,119482,92056960.0,OI1401
2013-07-24 09:01:00,7938,7942,7936,7942,362,119434,28722520.0,OI1401
2013-07-24 09:02:00,7940,7950,7940,7948,464,119398,36827440.0,OI1401
2013-07-24 09:03:00,7948,7948,7944,7946,242,119392,19210200.0,OI1401
2013-07-24 09:04:00,7946,7946,7928,7928,404,119534,32077440.0,OI1401
2013-07-24 09:05:00,7928,7932,7924,7926,794,119960,63021520.0,OI1401
2013-07-24 09:06:00,7926,7926,7922,7924,412,120090,32696320.0,OI1401
2013-07-24 09:07:00,7924,7926,7920,7924,744,120306,59030560.0,OI1401
2013-07-24 09:08:00,7924,7924,7910,7914,1060,120490,84078280.0,OI1401
2013-07-24 09:09:00,7914,7914,7894,7898,2054,121418,162812240.0,OI1401
2013-07-24 09:10:00,7898,7900,7886,7888,1726,122122,136709840.0,OI1401
2013-07-24 09:11:00,7888,7898,7886,7896,1768,122644,139941720.0,OI1401
2013-07-24 09:12:00,7894,7896,7890,7892,714,122742,56498040.0,OI1401
2013-07-24 09:13:00,7894,7898,7894,7894,342,122716,27059040.0,OI1401
2013-07-24 09:14:00,7896,7898,7894,7894,352,122804,27850240.0,OI1401
2013-07-24 09:15:00,7898,7912,7898,7908,848,122730,67093760.0,OI1401
2013-07-24 09:16:00,7910,7910,7906,7906,550,122532,43516000.0,OI1401
2013-07-24 09:17:00,7906,7908,7904,7904,598,122304,47302400.0,OI1401
2013-07-24 09:18:00,7902,7902,7896,7900,314,122340,24837400.0,OI1401
2013-07-24 09:19:00,7898,7900,7896,7900,298,122504,23571800.0,OI1401
2013-07-24 09:20:00,7900,7900,7894,7896,258,122574,20407800.0,OI1401
2013-07-24 09:21:00,7896,7900,7896,7898,224,122584,17718400.0,OI1401
2013-07-24 09:22:00,7898,7906,7898,7900,220,122674,17402000.0,OI1401
2013-07-24 09:23:00,7900,7900,7898,7898,152,122644,12023200.0,OI1401
2013-07-24 09:24:00,7900,7906,7898,7904,146,122638,11548600.0,OI1401
2013-07-24 09:25:00,7904,7904,7900,7900,218,122656,17243800.0,OI1401
2013-07-24 09:26:00,7900,7900,7896,7900,218,122732,17243800.0,OI1401
2013-07-24 09:27:00,7900,7900,7898,7898,40,122758,3164000.0,OI1401
2013-07-24 09:28:00,7898,7906,7898,7906,356,122854,28159600.0,OI1401
2013-07-24 09:29:00,7906,7906,7904,7904,348,122780,27526800.0,OI1401
2013-07-24 09:30:00,7904,7908,7904,7908,262,122754,20724200.0,OI1401
2013-07-24 09:31:00,7908,7908,7906,7906,534,122572,42239400.0,OI1401
2013-07-24 09:32:00,7906,7912,7906,7910,434,122550,34329400.0,OI1401
2013-07-24 09:33:00,7910,7910,7908,7910,212,122514,16769200.0,OI1401
2013-07-24 09:34:00,7910,7918,7910,7918,356,122506,28159600.0,OI1401
2013-07-24 09:35:00,7916,7916,7908,7910,288,122442,22780800.0,OI1401
2013-07-24 09:36:00,7908,7910,7908,7908,248,122486,19616800.0,OI1401
2013-07-24 09:37:00,7908,7908,7906,7906,92,122512,7277200.0,OI1401
2013-07-24 09:38:00,7904,7908,7904,7908,118,122544,9333800.0,OI1401
2013-07-24 09:39:00,7906,7908,7902,7904,112,122580,8859200.0,OI1401
2013-07-24 09:40:00,7906,7906,7902,7902,92,122586,7277200.0,OI1401
2013-07-24 09:41:00,7902,7904,7902,7904,88,122640,6960800.0,OI1401
2013-07-24 09:42:00,7904,7904,7900,7902,142,122706,11232200.0,OI1401
2013-07-24 09:43:00,7902,7904,7900,7904,248,122826,19616640.0,OI1401
2013-07-24 09:44:00,7900,7904,7900,7904,148,122804,11703840.0,OI1401
2013-07-24 09:45:00,7904,7908,7904,7904,198,122848,15657840.0,OI1401
2013-07-24 09:46:00,7906,7906,7902,7904,164,122790,12969120.0,OI1401
2013-07-24 09:47:00,7904,7904,7900,7904,270,122796,21351600.0,OI1401
2013-07-24 09:48:00,7906,7906,7904,7906,92,122768,7275360.0,OI1401
2013-07-24 09:49:00,7904,7908,7904,7908,144,122734,11387520.0,OI1401
2013-07-24 09:50:00,7904,7906,7904,7904,108,122704,8540640.0,OI1401
2013-07-24 09:51:00,7906,7908,7904,7908,198,122742,15657840.0,OI1401
2013-07-24 09:52:00,7908,7914,7908,7914,370,122462,29259600.0,OI1401
2013-07-24 09:53:00,7914,7928,7914,7924,912,122074,72131280.0,OI1401
2013-07-24 09:54:00,7924,7924,7920,7922,280,121962,22148000.0,OI1401
2013-07-24 09:55:00,7922,7922,7920,7922,80,121932,6328000.0,OI1401
2013-07-24 09:56:00,7920,7922,7920,7922,196,121922,15503600.0,OI1401
2013-07-24 09:57:00,7922,7926,7922,7924,166,121858,13130600.0,OI1401
2013-07-24 09:58:00,7924,7936,7924,7934,668,121656,52838800.0,OI1401
2013-07-24 09:59:00,7932,7936,7930,7932,518,121452,40973800.0,OI1401
2013-07-24 10:00:00,7932,7934,7926,7928,280,121416,22149040.0,OI1401
2013-07-24 10:01:00,7928,7932,7928,7932,196,121422,15507520.0,OI1401
2013-07-24 10:02:00,7932,7934,7930,7934,232,121482,18355840.0,OI1401
2013-07-24 10:03:00,7934,7938,7934,7936,318,121472,25160160.0,OI1401
2013-07-24 10:04:00,7936,7942,7936,7942,1136,121308,89880320.0,OI1401
2013-07-24 10:05:00,7940,7940,7934,7936,512,121228,40517560.0,OI1401
2013-07-24 10:06:00,7934,7940,7934,7940,240,121202,18993600.0,OI1401
2013-07-24 10:07:00,7940,7942,7938,7940,198,121236,15669720.0,OI1401
2013-07-24 10:08:00,7940,7940,7938,7938,310,121172,24533400.0,OI1401
2013-07-24 10:09:00,7938,7940,7938,7938,90,121140,7122600.0,OI1401
2013-07-24 10:10:00,7938,7940,7938,7938,32,121124,2532480.0,OI1401
2013-07-24 10:11:00,7938,7940,7938,7940,46,121088,3640440.0,OI1401
2013-07-24 10:12:00,7940,7940,7938,7940,204,121044,16144560.0,OI1401
2013-07-24 10:13:00,7938,7942,7938,7940,376,121074,29756640.0,OI1401
2013-07-24 10:14:00,7940,7940,7938,7938,152,120944,12029280.0,OI1401
2013-07-24 10:30:00,7938,7938,7934,7938,814,120522,64433160.0,OI1401
2013-07-24 10:31:00,7936,7938,7936,7936,88,120566,6966080.0,OI1401
2013-07-24 10:32:00,7938,7938,7932,7934,120,120554,9499200.0,OI1401
2013-07-24 10:33:00,7936,7936,7932,7932,56,120580,4432960.0,OI1401
2013-07-24 10:34:00,7934,7934,7932,7932,116,120578,9182560.0,OI1401
2013-07-24 10:35:00,7932,7934,7932,7932,68,120558,5382880.0,OI1401
2013-07-24 10:36:00,7934,7938,7934,7938,84,120570,6649440.0,OI1401
2013-07-24 10:37:00,7936,7938,7936,7936,36,120560,2849760.0,OI1401
2013-07-24 10:38:00,7936,7938,7936,7938,42,120554,3324720.0,OI1401
2013-07-24 10:39:00,7938,7940,7938,7940,184,120608,14565440.0,OI1401
2013-07-24 10:40:00,7940,7940,7936,7936,52,120618,4116320.0,OI1401
2013-07-24 10:41:00,7934,7934,7932,7932,92,120598,7282720.0,OI1401
2013-07-24 10:42:00,7930,7932,7930,7930,160,120550,12665600.0,OI1401
2013-07-24 10:43:00,7930,7930,7930,7930,58,120514,4591280.0,OI1401
2013-07-24 10:44:00,7930,7930,7924,7924,280,120452,22164800.0,OI1401
2013-07-24 10:45:00,7924,7926,7920,7922,314,120366,24856240.0,OI1401
2013-07-24 10:46:00,7922,7926,7920,7924,152,120364,12032320.0,OI1401
2013-07-24 10:47:00,7924,7926,7924,7924,126,120352,9974160.0,OI1401
2013-07-24 10:48:00,7924,7926,7924,7924,208,120378,16465280.0,OI1401
2013-07-24 10:49:00,7922,7924,7920,7924,254,120372,20106640.0,OI1401
2013-07-24 10:50:00,7926,7938,7926,7938,258,120276,20423280.0,OI1401
2013-07-24 10:51:00,7938,7938,7934,7936,82,120282,6491120.0,OI1401
2013-07-24 10:52:00,7932,7936,7932,7936,16,120286,1266560.0,OI1401
2013-07-24 10:53:00,7934,7944,7934,7944,388,120198,30714080.0,OI1401
2013-07-24 10:54:00,7944,7948,7942,7942,458,120172,36263920.0,OI1401
2013-07-24 10:55:00,7942,7942,7938,7940,208,120202,16469440.0,OI1401
2013-07-24 10:56:00,7938,7940,7938,7938,36,120212,2850480.0,OI1401
2013-07-24 10:57:00,7938,7940,7936,7938,78,120194,6176040.0,OI1401
2013-07-24 10:58:00,7940,7940,7940,7940,14,120194,1108520.0,OI1401
2013-07-24 10:59:00,7938,7938,7936,7938,20,120194,1583600.0,OI1401
2013-07-24 11:00:00,7936,7938,7936,7938,40,120170,3167200.0,OI1401
2013-07-24 11:01:00,7938,7940,7936,7940,188,120152,14885840.0,OI1401
2013-07-24 11:02:00,7938,7938,7936,7938,26,120146,2058680.0,OI1401
2013-07-24 11:03:00,7936,7938,7936,7936,54,120140,4275720.0,OI1401
2013-07-24 11:04:00,7936,7936,7934,7934,112,120102,8868160.0,OI1401
2013-07-24 11:05:00,7934,7934,7930,7932,132,120060,10451760.0,OI1401
2013-07-24 11:06:00,7932,7934,7930,7930,118,120012,9343240.0,OI1401
2013-07-24 11:07:00,7928,7934,7928,7932,122,119998,9659960.0,OI1401
2013-07-24 11:08:00,7932,7932,7932,7932,12,119998,950160.0,OI1401
2013-07-24 11:09:00,7932,7932,7932,7932,24,119978,1900320.0,OI1401
2013-07-24 11:10:00,7930,7930,7928,7930,278,119970,22012040.0,OI1401
2013-07-24 11:11:00,7930,7932,7930,7932,108,120010,8551440.0,OI1401
2013-07-24 11:12:00,7930,7932,7930,7932,72,119974,5700960.0,OI1401
2013-07-24 11:13:00,7932,7934,7932,7934,176,119810,13935680.0,OI1401
2013-07-24 11:14:00,7932,7934,7932,7932,10,119810,791800.0,OI1401
2013-07-24 11:15:00,7932,7932,7932,7932,12,119820,950160.0,OI1401
2013-07-24 11:16:00,7932,7932,7928,7928,44,119822,3483920.0,OI1401
2013-07-24 11:17:00,7926,7926,7922,7922,184,119830,14569120.0,OI1401
2013-07-24 11:18:00,7922,7924,7922,7924,112,119804,8868160.0,OI1401
2013-07-24 11:19:00,7924,7926,7924,7926,34,119812,2692120.0,OI1401
2013-07-24 11:20:00,7926,7926,7924,7924,48,119782,3800640.0,OI1401
2013-07-24 11:21:00,7924,7926,7922,7924,40,119790,3167200.0,OI1401
2013-07-24 11:22:00,7924,7924,7922,7924,70,119838,5542600.0,OI1401
2013-07-24 11:23:00,7922,7924,7914,7916,618,119664,48933240.0,OI1401
2013-07-24 11:24:00,7914,7920,7914,7918,292,119650,23120560.0,OI1401
2013-07-24 11:25:00,7918,7920,7918,7918,94,119616,7442920.0,OI1401
2013-07-24 11:26:00,7918,7918,7916,7918,74,119582,5859320.0,OI1401
2013-07-24 11:27:00,7918,7920,7918,7920,54,119566,4275720.0,OI1401
2013-07-24 11:28:00,7920,7920,7918,7920,154,119600,12193720.0,OI1401
2013-07-24 11:29:00,7920,7920,7918,7918,78,119596,6176040.0,OI1401
2013-07-24 13:30:00,7922,7926,7922,7922,114,119558,9026520.0,OI1401
2013-07-24 13:31:00,7922,7924,7920,7924,60,119560,4750800.0,OI1401
2013-07-24 13:32:00,7926,7928,7924,7926,132,119526,10451760.0,OI1401
2013-07-24 13:33:00,7928,7928,7922,7922,182,119428,14410760.0,OI1401
2013-07-24 13:34:00,7922,7922,7918,7918,72,119464,5700960.0,OI1401
2013-07-24 13:35:00,7918,7922,7916,7922,56,119498,4434080.0,OI1401
2013-07-24 13:36:00,7922,7922,7920,7922,62,119524,4909160.0,OI1401
2013-07-24 13:37:00,7922,7922,7920,7920,14,119530,1108520.0,OI1401
2013-07-24 13:38:00,7920,7920,7918,7918,92,119558,7284560.0,OI1401
2013-07-24 13:39:00,7918,7922,7918,7920,92,119566,7284560.0,OI1401
2013-07-24 13:40:00,7920,7924,7920,7920,110,119634,8709800.0,OI1401
2013-07-24 13:41:00,7920,7922,7920,7922,194,119672,15360920.0,OI1401
2013-07-24 13:42:00,7920,7922,7920,7920,120,119738,9501600.0,OI1401
2013-07-24 13:43:00,7920,7920,7918,7918,76,119732,6017680.0,OI1401
2013-07-24 13:44:00,7918,7920,7916,7916,82,119730,6492760.0,OI1401
2013-07-24 13:45:00,7916,7920,7916,7920,16,119734,1266880.0,OI1401
2013-07-24 13:46:00,7916,7920,7916,7920,700,119834,55426000.0,OI1401
2013-07-24 13:47:00,7920,7922,7920,7922,32,119848,2533760.0,OI1401
2013-07-24 13:48:00,7922,7922,7920,7922,94,119786,7442920.0,OI1401
2013-07-24 13:49:00,7922,7926,7922,7926,92,119748,7284560.0,OI1401
2013-07-24 13:50:00,7924,7934,7924,7930,280,119628,22170400.0,OI1401
2013-07-24 13:51:00,7930,7934,7930,7932,192,119528,15202560.0,OI1401
2013-07-24 13:52:00,7932,7936,7932,7934,190,119502,15044200.0,OI1401
2013-07-24 13:53:00,7932,7934,7932,7932,64,119452,5067520.0,OI1401
2013-07-24 13:54:00,7932,7932,7930,7932,160,119380,12668800.0,OI1401
2013-07-24 13:55:00,7932,7934,7930,7932,60,119366,4750800.0,OI1401
2013-07-24 13:56:00,7934,7934,7932,7932,48,119338,3800640.0,OI1401
2013-07-24 13:57:00,7934,7934,7932,7932,26,119336,2058680.0,OI1401
2013-07-24 13:58:00,7930,7932,7930,7932,78,119332,6176040.0,OI1401
2013-07-24 13:59:00,7932,7934,7930,7934,206,119342,16311080.0,OI1401
2013-07-24 14:00:00,7934,7934,7930,7932,70,119346,5542600.0,OI1401
2013-07-24 14:01:00,7930,7934,7930,7932,94,119324,7443400.0,OI1401
2013-07-24 14:02:00,7934,7934,7930,7930,110,119264,8712000.0,OI1401
2013-07-24 14:03:00,7932,7932,7928,7930,58,119252,4593600.0,OI1401
2013-07-24 14:04:00,7930,7932,7930,7930,14,119244,1108800.0,OI1401
2013-07-24 14:05:00,7930,7932,7930,7932,26,119232,2059200.0,OI1401
2013-07-24 14:06:00,7932,7934,7932,7932,74,119198,5860800.0,OI1401
2013-07-24 14:07:00,7932,7934,7926,7928,114,119138,9028800.0,OI1401
2013-07-24 14:08:00,7928,7928,7926,7926,60,119128,4752000.0,OI1401
2013-07-24 14:09:00,7926,7926,7924,7926,76,119108,6019200.0,OI1401
2013-07-24 14:10:00,7924,7926,7922,7924,162,119092,12830400.0,OI1401
2013-07-24 14:11:00,7922,7926,7922,7924,158,119058,12513600.0,OI1401
2013-07-24 14:12:00,7924,7924,7924,7924,32,119060,2534400.0,OI1401
2013-07-24 14:13:00,7924,7926,7924,7924,22,119058,1742400.0,OI1401
2013-07-24 14:14:00,7926,7928,7926,7926,60,119050,4752000.0,OI1401
2013-07-24 14:15:00,7926,7932,7926,7930,78,119016,6177600.0,OI1401
2013-07-24 14:16:00,7930,7930,7928,7928,32,119012,2534400.0,OI1401
2013-07-24 14:17:00,7928,7930,7928,7930,26,118992,2059200.0,OI1401
2013-07-24 14:18:00,7930,7930,7928,7928,20,118980,1584000.0,OI1401
2013-07-24 14:19:00,7928,7928,7928,7928,110,118978,8712000.0,OI1401
2013-07-24 14:20:00,7928,7930,7928,7930,76,119000,6019200.0,OI1401
2013-07-24 14:21:00,7930,7930,7928,7930,18,119010,1425600.0,OI1401
2013-07-24 14:22:00,7930,7932,7930,7932,46,118996,3643200.0,OI1401
2013-07-24 14:23:00,7932,7934,7932,7932,118,118904,9345600.0,OI1401
2013-07-24 14:24:00,7932,7932,7930,7930,20,118900,1584000.0,OI1401
2013-07-24 14:25:00,7932,7932,7930,7930,26,118882,2059200.0,OI1401
2013-07-24 14:26:00,7930,7932,7930,7932,80,118892,6336000.0,OI1401
2013-07-24 14:27:00,7930,7934,7930,7934,122,118850,9662400.0,OI1401
2013-07-24 14:28:00,7934,7936,7934,7936,196,118768,15523200.0,OI1401
2013-07-24 14:29:00,7936,7936,7934,7934,44,118770,3484800.0,OI1401
2013-07-24 14:30:00,7934,7934,7932,7934,40,118782,3168000.0,OI1401
2013-07-24 14:31:00,7932,7936,7932,7934,54,118748,4276800.0,OI1401
2013-07-24 14:32:00,7934,7934,7934,7934,12,118746,950400.0,OI1401
2013-07-24 14:33:00,7932,7932,7932,7932,58,118750,4593600.0,OI1401
2013-07-24 14:34:00,7932,7932,7930,7930,62,118768,4910400.0,OI1401
2013-07-24 14:35:00,7928,7930,7928,7928,146,118696,11563200.0,OI1401
2013-07-24 14:36:00,7928,7930,7928,7930,74,118686,5860800.0,OI1401
2013-07-24 14:37:00,7930,7930,7928,7928,108,118738,8553600.0,OI1401
2013-07-24 14:38:00,7928,7928,7926,7928,68,118734,5385600.0,OI1401
2013-07-24 14:39:00,7930,7934,7928,7934,174,118630,13780800.0,OI1401
2013-07-24 14:40:00,7932,7936,7932,7932,242,118550,19166400.0,OI1401
2013-07-24 14:41:00,7930,7932,7930,7932,58,118560,4593600.0,OI1401
2013-07-24 14:42:00,7934,7936,7934,7934,70,118564,5544000.0,OI1401
2013-07-24 14:43:00,7934,7934,7932,7934,50,118550,3960000.0,OI1401
2013-07-24 14:44:00,7934,7934,7928,7930,142,118496,11246400.0,OI1401
2013-07-24 14:45:00,7930,7930,7928,7930,36,118496,2851200.0,OI1401
2013-07-24 14:46:00,7928,7930,7928,7930,112,118540,8870400.0,OI1401
2013-07-24 14:47:00,7930,7930,7930,7930,54,118538,4276800.0,OI1401
2013-07-24 14:48:00,7932,7932,7930,7930,66,118484,5227200.0,OI1401
2013-07-24 14:49:00,7932,7934,7932,7932,208,118600,16473600.0,OI1401
2013-07-24 14:50:00,7930,7932,7928,7932,190,118702,15048000.0,OI1401
2013-07-24 14:51:00,7932,7934,7930,7930,220,118726,17424000.0,OI1401
2013-07-24 14:52:00,7930,7932,7928,7930,368,118434,29145600.0,OI1401
2013-07-24 14:53:00,7930,7932,7928,7930,110,118366,8712000.0,OI1401
2013-07-24 14:54:00,7930,7932,7928,7930,198,118300,15681600.0,OI1401
2013-07-24 14:55:00,7930,7930,7926,7926,328,118284,25977600.0,OI1401
2013-07-24 14:56:00,7926,7928,7926,7926,60,118268,4752000.0,OI1401
2013-07-24 14:57:00,7926,7926,7922,7924,292,118330,23126400.0,OI1401
2013-07-24 14:58:00,7924,7928,7924,7926,178,118214,14097600.0,OI1401
2013-07-24 14:59:00,7926,7926,7924,7924,350,118184,27720000.0,OI1401
2013-07-25 09:00:00,7890,7890,7870,7870,1210,118734,95429720.0,OI1401
2013-07-25 09:01:00,7876,7876,7870,7870,1076,119312,84787840.0,OI1401
2013-07-25 09:02:00,7870,7872,7868,7868,392,119508,30881760.0,OI1401
2013-07-25 09:03:00,7870,7872,7868,7872,472,119778,37175000.0,OI1401
2013-07-25 09:04:00,7872,7878,7868,7876,894,120250,70411440.0,OI1401
2013-07-25 09:05:00,7878,7878,7862,7866,1240,120836,97650160.0,OI1401
2013-07-25 09:06:00,7868,7870,7864,7868,464,121110,36535360.0,OI1401
2013-07-25 09:07:00,7868,7870,7866,7868,238,121198,18740120.0,OI1401
2013-07-25 09:08:00,7868,7870,7866,7868,460,121354,36220400.0,OI1401
2013-07-25 09:09:00,7868,7872,7866,7868,506,121552,39836200.0,OI1401
2013-07-25 09:10:00,7870,7872,7868,7872,258,121638,20309760.0,OI1401
2013-07-25 09:11:00,7872,7872,7868,7868,138,121700,10863360.0,OI1401
2013-07-25 09:12:00,7868,7870,7866,7870,224,121820,17633280.0,OI1401
2013-07-25 09:13:00,7870,7872,7868,7872,362,122046,28496640.0,OI1401
2013-07-25 09:14:00,7868,7868,7866,7866,266,122110,20939520.0,OI1401
2013-07-25 09:15:00,7866,7866,7858,7862,1294,122512,101861440.0,OI1401
2013-07-25 09:16:00,7864,7864,7858,7858,600,122914,47220000.0,OI1401
2013-07-25 09:17:00,7858,7860,7856,7858,376,123056,29591200.0,OI1401
2013-07-25 09:18:00,7858,7864,7856,7862,434,123222,34155800.0,OI1401
2013-07-25 09:19:00,7864,7868,7862,7868,392,123226,30850400.0,OI1401
2013-07-25 09:20:00,7868,7868,7862,7866,252,123340,19832400.0,OI1401
2013-07-25 09:21:00,7864,7864,7856,7858,360,123494,28332000.0,OI1401
2013-07-25 09:22:00,7858,7860,7850,7852,574,123584,45164200.0,OI1401
2013-07-25 09:23:00,7852,7854,7852,7854,292,123602,22974560.0,OI1401
2013-07-25 09:24:00,7854,7858,7854,7856,184,123666,14477120.0,OI1401
2013-07-25 09:25:00,7856,7856,7852,7852,170,123754,13375600.0,OI1401
2013-07-25 09:26:00,7852,7856,7852,7852,196,123782,15421280.0,OI1401
2013-07-25 09:27:00,7854,7854,7850,7850,630,124122,49564120.0,OI1401
2013-07-25 09:28:00,7850,7850,7844,7846,1192,124598,93762720.0,OI1401
2013-07-25 09:29:00,7844,7848,7842,7848,688,124718,54109560.0,OI1401
2013-07-25 09:30:00,7846,7856,7846,7848,874,124802,68731360.0,OI1401
2013-07-25 09:31:00,7848,7848,7842,7846,544,125048,42780160.0,OI1401
2013-07-25 09:32:00,7844,7846,7838,7844,904,125220,71075720.0,OI1401
2013-07-25 09:33:00,7844,7846,7832,7838,1182,125872,92923520.0,OI1401
2013-07-25 09:34:00,7838,7842,7830,7832,1112,126118,87403200.0,OI1401
2013-07-25 09:35:00,7834,7836,7830,7832,474,126332,37250880.0,OI1401
2013-07-25 09:36:00,7830,7842,7830,7840,516,126430,40547280.0,OI1401
2013-07-25 09:37:00,7838,7840,7836,7838,318,126430,24988440.0,OI1401
2013-07-25 09:38:00,7838,7838,7834,7836,518,126614,40704440.0,OI1401
2013-07-25 09:39:00,7836,7838,7832,7834,136,126714,10686880.0,OI1401
2013-07-25 09:40:00,7834,7834,7826,7826,692,126836,54366360.0,OI1401
2013-07-25 09:41:00,7826,7832,7826,7830,450,126834,35352000.0,OI1401
2013-07-25 09:42:00,7830,7832,7828,7830,268,126894,21054080.0,OI1401
2013-07-25 09:43:00,7830,7838,7828,7834,326,126822,25610560.0,OI1401
2013-07-25 09:44:00,7836,7836,7832,7832,208,126692,16340480.0,OI1401
2013-07-25 09:45:00,7830,7834,7822,7824,352,126756,27648320.0,OI1401
2013-07-25 09:46:00,7824,7828,7816,7816,1008,127190,79168320.0,OI1401
2013-07-25 09:47:00,7818,7834,7818,7830,1322,127380,103810080.0,OI1401
2013-07-25 09:48:00,7832,7832,7822,7828,420,127554,32978400.0,OI1401
2013-07-25 09:49:00,7830,7832,7826,7828,228,127578,17902560.0,OI1401
2013-07-25 09:50:00,7828,7834,7828,7834,654,127510,51350880.0,OI1401
2013-07-25 09:51:00,7834,7846,7832,7846,1338,127326,105033000.0,OI1401
2013-07-25 09:52:00,7842,7848,7842,7846,1928,128098,151348000.0,OI1401
2013-07-25 09:53:00,7844,7846,7840,7840,390,128172,30615000.0,OI1401
2013-07-25 09:54:00,7840,7842,7836,7836,474,128136,37209000.0,OI1401
2013-07-25 09:55:00,7836,7838,7834,7838,570,128226,44745000.0,OI1401
2013-07-25 09:56:00,7838,7838,7834,7834,266,128242,20881000.0,OI1401
2013-07-25 09:57:00,7834,7840,7834,7840,176,128224,13816000.0,OI1401
2013-07-25 09:58:00,7838,7838,7834,7836,100,128206,7850000.0,OI1401
2013-07-25 09:59:00,7834,7836,7832,7836,334,128290,26219000.0,OI1401
2013-07-25 10:00:00,7834,7836,7832,7832,126,128246,9891000.0,OI1401
2013-07-25 10:01:00,7832,7838,7832,7838,278,128146,21823000.0,OI1401
2013-07-25 10:02:00,7838,7842,7838,7842,330,128106,25905000.0,OI1401
2013-07-25 10:03:00,7842,7848,7842,7844,826,127888,64841000.0,OI1401
2013-07-25 10:04:00,7846,7848,7834,7834,838,128048,65772240.0,OI1401
2013-07-25 10:05:00,7834,7836,7834,7836,164,128068,12870720.0,OI1401
2013-07-25 10:06:00,7836,7836,7836,7836,110,128128,8632800.0,OI1401
2013-07-25 10:07:00,7836,7836,7834,7834,250,128182,19620000.0,OI1401
2013-07-25 10:08:00,7834,7836,7834,7836,276,128220,21660480.0,OI1401
2013-07-25 10:09:00,7836,7840,7836,7838,936,128474,73457280.0,OI1401
2013-07-25 10:10:00,7838,7838,7838,7838,22,128460,1726560.0,OI1401
2013-07-25 10:11:00,7838,7838,7836,7838,44,128476,3453120.0,OI1401
2013-07-25 10:12:00,7836,7838,7834,7836,126,128476,9888480.0,OI1401
2013-07-25 10:13:00,7834,7836,7832,7834,150,128442,11772000.0,OI1401
2013-07-25 10:14:00,7832,7834,7832,7832,304,128400,23857920.0,OI1401
2013-07-25 10:30:00,7832,7832,7826,7826,330,128552,25898400.0,OI1401
2013-07-25 10:31:00,7826,7828,7824,7826,240,128608,18835200.0,OI1401
2013-07-25 10:32:00,7826,7830,7826,7830,214,128632,16794720.0,OI1401
2013-07-25 10:33:00,7830,7830,7828,7830,90,128696,7063200.0,OI1401
2013-07-25 10:34:00,7830,7830,7828,7828,86,128734,6749280.0,OI1401
2013-07-25 10:35:00,7828,7834,7828,7832,274,128768,21503520.0,OI1401
2013-07-25 10:36:00,7830,7836,7830,7836,164,128798,12870720.0,OI1401
2013-07-25 10:37:00,7834,7834,7832,7832,42,128800,3296160.0,OI1401
2013-07-25 10:38:00,7832,7834,7832,7834,144,128750,11301120.0,OI1401
2013-07-25 10:39:00,7834,7834,7832,7832,110,128744,8632800.0,OI1401
2013-07-25 10:40:00,7830,7832,7830,7830,38,128758,2982240.0,OI1401
2013-07-25 10:41:00,7832,7834,7832,7834,48,128766,3767040.0,OI1401
2013-07-25 10:42:00,7832,7834,7832,7832,128,128800,10045440.0,OI1401
2013-07-25 10:43:00,7832,7834,7832,7832,112,128806,8789760.0,OI1401
2013-07-25 10:44:00,7832,7832,7830,7832,50,128824,3924000.0,OI1401
2013-07-25 10:45:00,7830,7832,7830,7832,70,128838,5493600.0,OI1401
2013-07-25 10:46:00,7832,7832,7830,7830,168,128908,13184640.0,OI1401
2013-07-25 10:47:00,7828,7830,7826,7826,84,128930,6592320.0,OI1401
2013-07-25 10:48:00,7826,7830,7826,7828,96,128986,7534080.0,OI1401
2013-07-25 10:49:00,7828,7830,7828,7830,26,128996,2040280.0,OI1401
2013-07-25 10:50:00,7828,7828,7826,7826,108,129084,8473680.0,OI1401
2013-07-25 10:51:00,7828,7828,7820,7822,408,129246,32011680.0,OI1401
2013-07-25 10:52:00,7820,7824,7818,7824,558,129178,43780680.0,OI1401
2013-07-25 10:53:00,7822,7824,7822,7822,50,129176,3923000.0,OI1401
2013-07-25 10:54:00,7822,7824,7822,7822,140,129224,10984400.0,OI1401
2013-07-25 10:55:00,7822,7824,7822,7822,100,129270,7846000.0,OI1401
2013-07-25 10:56:00,7822,7822,7818,7818,198,129396,15535080.0,OI1401
2013-07-25 10:57:00,7820,7820,7810,7810,1120,129966,87875200.0,OI1401
2013-07-25 10:58:00,7812,7816,7812,7814,564,130130,44247600.0,OI1401
2013-07-25 10:59:00,7814,7816,7808,7810,826,130778,64791440.0,OI1401
2013-07-25 11:00:00,7810,7812,7806,7808,880,131268,69027200.0,OI1401
2013-07-25 11:01:00,7808,7810,7806,7808,682,131524,53496080.0,OI1401
2013-07-25 11:02:00,7808,7814,7808,7812,546,131296,42819600.0,OI1401
2013-07-25 11:03:00,7814,7814,7810,7814,188,131398,14742960.0,OI1401
2013-07-25 11:04:00,7814,7814,7810,7810,330,131602,25878600.0,OI1401
2013-07-25 11:05:00,7810,7814,7808,7810,434,131722,34034280.0,OI1401
2013-07-25 11:06:00,7810,7812,7808,7810,508,131658,39837360.0,OI1401
2013-07-25 11:07:00,7810,7818,7810,7816,690,131460,54109800.0,OI1401
2013-07-25 11:08:00,7816,7818,7814,7814,356,131398,27917520.0,OI1401
2013-07-25 11:09:00,7814,7818,7814,7816,356,131118,27917520.0,OI1401
2013-07-25 11:10:00,7818,7820,7816,7818,482,130898,37791160.0,OI1401
2013-07-25 11:11:00,7818,7822,7818,7820,752,130506,58956800.0,OI1401
2013-07-25 11:12:00,7820,7820,7818,7818,124,130474,9721600.0,OI1401
2013-07-25 11:13:00,7818,7820,7816,7818,314,130518,24617600.0,OI1401
2013-07-25 11:14:00,7818,7818,7816,7816,172,130412,13484800.0,OI1401
2013-07-25 11:15:00,7816,7818,7810,7810,84,130426,6585600.0,OI1401
2013-07-25 11:16:00,7812,7812,7802,7804,748,130738,58643200.0,OI1401
2013-07-25 11:17:00,7802,7808,7802,7808,706,131040,55350400.0,OI1401
2013-07-25 11:18:00,7808,7810,7808,7810,150,130996,11760000.0,OI1401
2013-07-25 11:19:00,7810,7810,7808,7810,92,131026,7212800.0,OI1401
2013-07-25 11:20:00,7808,7812,7808,7812,32,131036,2508800.0,OI1401
2013-07-25 11:21:00,7810,7814,7810,7812,158,130992,12387200.0,OI1401
2013-07-25 11:22:00,7814,7822,7814,7818,588,130700,46091280.0,OI1401
2013-07-25 11:23:00,7820,7820,7816,7816,94,130706,7367720.0,OI1401
2013-07-25 11:24:00,7816,7818,7816,7816,76,130706,5956880.0,OI1401
2013-07-25 11:25:00,7816,7816,7814,7816,70,130692,5486600.0,OI1401
2013-07-25 11:26:00,7816,7816,7814,7816,50,130696,3919000.0,OI1401
2013-07-25 11:27:00,7816,7816,7814,7816,60,130708,4702800.0,OI1401
2013-07-25 11:28:00,7816,7816,7812,7814,144,130690,11286720.0,OI1401
2013-07-25 11:29:00,7816,7818,7814,7816,224,130628,17557120.0,OI1401
2013-07-25 13:30:00,7818,7820,7816,7818,356,130494,27903280.0,OI1401
2013-07-25 13:31:00,7818,7820,7816,7816,144,130562,11286720.0,OI1401
2013-07-25 13:32:00,7818,7820,7816,7820,102,130586,7994760.0,OI1401
2013-07-25 13:33:00,7820,7822,7818,7818,254,130652,19908520.0,OI1401
2013-07-25 13:34:00,7820,7820,7818,7818,118,130698,9248840.0,OI1401
2013-07-25 13:35:00,7818,7820,7816,7818,50,130704,3919000.0,OI1401
2013-07-25 13:36:00,7818,7820,7814,7814,142,130722,11129960.0,OI1401
2013-07-25 13:37:00,7816,7816,7814,7814,106,130750,8308280.0,OI1401
2013-07-25 13:38:00,7814,7814,7808,7810,540,130874,42325200.0,OI1401
2013-07-25 13:39:00,7812,7822,7810,7818,508,130688,39817040.0,OI1401
2013-07-25 13:40:00,7816,7816,7816,7816,54,130708,4232520.0,OI1401
2013-07-25 13:41:00,7816,7816,7814,7814,230,130602,18027400.0,OI1401
2013-07-25 13:42:00,7814,7814,7812,7814,224,130780,17557120.0,OI1401
2013-07-25 13:43:00,7814,7814,7810,7812,390,130918,30568200.0,OI1401
2013-07-25 13:44:00,7812,7814,7810,7814,104,130936,8151520.0,OI1401
2013-07-25 13:45:00,7814,7814,7812,7812,132,130922,10346160.0,OI1401
2013-07-25 13:46:00,7814,7814,7812,7812,168,130970,13167840.0,OI1401
2013-07-25 13:47:00,7810,7812,7808,7810,302,131070,23670760.0,OI1401
2013-07-25 13:48:00,7810,7812,7808,7810,196,131100,15360200.0,OI1401
2013-07-25 13:49:00,7810,7810,7806,7806,540,131448,42314400.0,OI1401
2013-07-25 13:50:00,7806,7808,7804,7808,252,131538,19746720.0,OI1401
2013-07-25 13:51:00,7808,7808,7804,7806,508,131670,39806880.0,OI1401
2013-07-25 13:52:00,7806,7806,7804,7804,88,131670,6895680.0,OI1401
2013-07-25 13:53:00,7804,7808,7804,7806,288,131808,22567680.0,OI1401
2013-07-25 13:54:00,7808,7808,7806,7806,90,131770,7052400.0,OI1401
2013-07-25 13:55:00,7806,7814,7806,7812,482,131740,37769520.0,OI1401
2013-07-25 13:56:00,7810,7812,7806,7810,324,131858,25388640.0,OI1401
2013-07-25 13:57:00,7808,7810,7808,7808,90,131862,7052400.0,OI1401
2013-07-25 13:58:00,7808,7810,7808,7810,122,131920,9559920.0,OI1401
2013-07-25 13:59:00,7808,7810,7806,7808,118,131950,9246480.0,OI1401
2013-07-25 14:00:00,7806,7808,7806,7808,132,132012,10343520.0,OI1401
2013-07-25 14:01:00,7808,7810,7806,7808,80,132022,6268800.0,OI1401
2013-07-25 14:02:00,7808,7808,7806,7806,62,132018,4858320.0,OI1401
2013-07-25 14:03:00,7806,7806,7804,7806,318,132106,24918480.0,OI1401
2013-07-25 14:04:00,7806,7806,7804,7806,136,132182,10656960.0,OI1401
2013-07-25 14:05:00,7804,7806,7804,7806,320,132192,25075200.0,OI1401
2013-07-25 14:06:00,7806,7806,7804,7804,64,132204,5015040.0,OI1401
2013-07-25 14:07:00,7804,7806,7804,7806,96,132248,7522560.0,OI1401
2013-07-25 14:08:00,7806,7806,7804,7804,194,132344,15199320.0,OI1401
2013-07-25 14:09:00,7804,7806,7802,7806,612,132278,47944080.0,OI1401
2013-07-25 14:10:00,7806,7810,7806,7808,304,132160,23815360.0,OI1401
2013-07-25 14:11:00,7810,7812,7808,7810,494,132120,38699960.0,OI1401
2013-07-25 14:12:00,7810,7814,7808,7810,646,132048,50607640.0,OI1401
2013-07-25 14:13:00,7810,7810,7808,7810,26,132070,2036840.0,OI1401
2013-07-25 14:14:00,7810,7816,7810,7814,446,131938,34939640.0,OI1401
2013-07-25 14:15:00,7814,7818,7812,7816,710,131916,55621400.0,OI1401
2013-07-25 14:16:00,7814,7816,7812,7814,438,131810,34312920.0,OI1401
2013-07-25 14:17:00,7816,7816,7814,7814,54,131796,4230360.0,OI1401
2013-07-25 14:18:00,7814,7816,7814,7816,72,131790,5640480.0,OI1401
2013-07-25 14:19:00,7814,7816,7814,7814,198,131678,15511320.0,OI1401
2013-07-25 14:20:00,7812,7816,7812,7816,130,131618,10184200.0,OI1401
2013-07-25 14:21:00,7816,7820,7814,7818,644,131392,50450960.0,OI1401
2013-07-25 14:22:00,7820,7820,7818,7818,236,131468,18488240.0,OI1401
2013-07-25 14:23:00,7816,7818,7816,7818,246,131384,19271640.0,OI1401
2013-07-25 14:24:00,7818,7818,7816,7818,58,131370,4543720.0,OI1401
2013-07-25 14:25:00,7816,7818,7816,7816,50,131326,3917000.0,OI1401
2013-07-25 14:26:00,7816,7818,7816,7818,272,131298,21308480.0,OI1401
2013-07-25 14:27:00,7818,7820,7816,7818,154,131194,12064360.0,OI1401
2013-07-25 14:28:00,7818,7818,7816,7816,60,131154,4700400.0,OI1401
2013-07-25 14:29:00,7816,7818,7816,7818,148,131174,11594320.0,OI1401
2013-07-25 14:30:00,7818,7820,7818,7818,108,131166,8460720.0,OI1401
2013-07-25 14:31:00,7820,7820,7818,7820,88,131128,6893920.0,OI1401
2013-07-25 14:32:00,7820,7820,7818,7818,106,131154,8304040.0,OI1401
2013-07-25 14:33:00,7816,7818,7816,7816,22,131146,1723480.0,OI1401
2013-07-25 14:34:00,7816,7818,7816,7816,452,131042,35405560.0,OI1401
2013-07-25 14:35:00,7816,7818,7810,7810,1302,131046,101972640.0,OI1401
2013-07-25 14:36:00,7810,7812,7806,7812,702,130920,54980640.0,OI1401
2013-07-25 14:37:00,7812,7812,7808,7808,206,130850,16133920.0,OI1401
2013-07-25 14:38:00,7810,7810,7808,7808,112,130888,8771840.0,OI1401
2013-07-25 14:39:00,7810,7812,7806,7806,580,130578,45425600.0,OI1401
2013-07-25 14:40:00,7806,7808,7806,7808,152,130654,11904640.0,OI1401
2013-07-25 14:41:00,7806,7808,7802,7806,400,130954,31328000.0,OI1401
2013-07-25 14:42:00,7804,7806,7800,7804,1120,131268,87718400.0,OI1401
2013-07-25 14:43:00,7804,7804,7796,7798,1196,131510,93670720.0,OI1401
2013-07-25 14:44:00,7796,7798,7794,7796,640,131906,50112080.0,OI1401
2013-07-25 14:45:00,7794,7798,7794,7794,686,131888,53713800.0,OI1401
2013-07-25 14:46:00,7796,7802,7796,7802,552,131590,43221600.0,OI1401
2013-07-25 14:47:00,7802,7804,7800,7800,162,131502,12684600.0,OI1401
2013-07-25 14:48:00,7802,7802,7798,7798,302,131670,23646600.0,OI1401
2013-07-25 14:49:00,7798,7798,7792,7794,482,131888,37740600.0,OI1401
2013-07-25 14:50:00,7794,7796,7792,7792,370,131958,28971000.0,OI1401
2013-07-25 14:51:00,7792,7796,7792,7794,242,131968,18948600.0,OI1401
2013-07-25 14:52:00,7796,7798,7794,7796,222,131998,17382600.0,OI1401
2013-07-25 14:53:00,7796,7802,7794,7800,900,131750,70470000.0,OI1401
2013-07-25 14:54:00,7800,7804,7800,7800,488,131442,38207320.0,OI1401
2013-07-25 14:55:00,7800,7802,7796,7798,190,131540,14873200.0,OI1401
2013-07-25 14:56:00,7796,7798,7794,7796,430,131634,33660400.0,OI1401
2013-07-25 14:57:00,7796,7796,7788,7788,1266,132018,99102480.0,OI1401
2013-07-25 14:58:00,7788,7790,7786,7790,1410,132022,110374800.0,OI1401
2013-07-25 14:59:00,7790,7796,7790,7792,1704,130904,133379280.0,OI1401
2013-07-26 09:00:00,7742,7758,7738,7742,3212,131270,248741680.0,OI1401
2013-07-26 09:01:00,7744,7750,7742,7748,1210,131662,93726600.0,OI1401
2013-07-26 09:02:00,7748,7748,7734,7738,988,132128,76530480.0,OI1401
2013-07-26 09:03:00,7738,7744,7738,7738,632,132156,48942640.0,OI1401
2013-07-26 09:04:00,7738,7742,7736,7740,828,132244,64120320.0,OI1401
2013-07-26 09:05:00,7738,7740,7734,7734,644,132586,49871360.0,OI1401
2013-07-26 09:06:00,7734,7734,7728,7730,1000,133046,77428200.0,OI1401
2013-07-26 09:07:00,7730,7730,7722,7726,1148,133124,88868920.0,OI1401
2013-07-26 09:08:00,7724,7726,7718,7720,1400,133850,108348160.0,OI1401
2013-07-26 09:09:00,7720,7724,7718,7722,946,134224,73195880.0,OI1401
2013-07-26 09:10:00,7724,7724,7716,7716,690,134506,53378400.0,OI1401
2013-07-26 09:11:00,7716,7724,7716,7720,744,134550,57553440.0,OI1401
2013-07-26 09:12:00,7722,7722,7718,7718,498,134758,38515320.0,OI1401
2013-07-26 09:13:00,7720,7722,7716,7716,488,135004,37741920.0,OI1401
2013-07-26 09:14:00,7716,7720,7714,7716,450,135076,34803000.0,OI1401
2013-07-26 09:15:00,7714,7716,7706,7708,782,135130,60469840.0,OI1401
2013-07-26 09:16:00,7706,7710,7706,7708,574,135198,44381680.0,OI1401
2013-07-26 09:17:00,7708,7712,7708,7712,284,135204,21958880.0,OI1401
2013-07-26 09:18:00,7712,7716,7712,7716,310,135216,23964200.0,OI1401
2013-07-26 09:19:00,7714,7716,7708,7710,442,135336,34166600.0,OI1401
2013-07-26 09:20:00,7710,7714,7706,7712,636,135526,49162800.0,OI1401
2013-07-26 09:21:00,7712,7714,7708,7710,392,135586,30301600.0,OI1401
2013-07-26 09:22:00,7710,7710,7698,7698,1100,136058,85010560.0,OI1401
2013-07-26 09:23:00,7696,7700,7696,7696,986,136426,76186480.0,OI1401
2013-07-26 09:24:00,7696,7698,7692,7694,854,136710,65979360.0,OI1401
2013-07-26 09:25:00,7694,7694,7686,7688,868,137058,67044320.0,OI1401
2013-07-26 09:26:00,7686,7688,7678,7678,1122,137352,86647880.0,OI1401
2013-07-26 09:27:00,7680,7682,7676,7676,1112,137542,85853320.0,OI1401
2013-07-26 09:28:00,7676,7678,7656,7656,1788,137962,137994200.0,OI1401
2013-07-26 09:29:00,7660,7660,7652,7656,1522,138016,117413840.0,OI1401
2013-07-26 09:30:00,7654,7656,7652,7654,1446,138052,111503880.0,OI1401
2013-07-26 09:31:00,7654,7664,7654,7660,2228,137746,171730600.0,OI1401
2013-07-26 09:32:00,7660,7670,7658,7666,722,137602,55637320.0,OI1401
2013-07-26 09:33:00,7668,7674,7668,7672,1366,136966,105240400.0,OI1401
2013-07-26 09:34:00,7672,7674,7666,7666,982,137102,75651840.0,OI1401
2013-07-26 09:35:00,7666,7666,7660,7662,860,137218,66237200.0,OI1401
2013-07-26 09:36:00,7662,7664,7660,7660,462,137252,35583240.0,OI1401
2013-07-26 09:37:00,7660,7664,7656,7658,642,137336,49441680.0,OI1401
2013-07-26 09:38:00,7656,7660,7654,7658,400,137412,30800000.0,OI1401
2013-07-26 09:39:00,7658,7658,7654,7656,394,137648,30338000.0,OI1401
2013-07-26 09:40:00,7654,7654,7642,7644,1368,137954,105321080.0,OI1401
2013-07-26 09:41:00,7644,7644,7638,7640,1100,138472,84667640.0,OI1401
2013-07-26 09:42:00,7640,7646,7638,7644,1104,138896,84962880.0,OI1401
2013-07-26 09:43:00,7642,7648,7642,7646,476,138848,36623440.0,OI1401
2013-07-26 09:44:00,7646,7652,7646,7648,536,138782,41239840.0,OI1401
2013-07-26 09:45:00,7650,7652,7648,7650,244,138694,18773360.0,OI1401
2013-07-26 09:46:00,7652,7652,7646,7646,398,138636,30622120.0,OI1401
2013-07-26 09:47:00,7646,7648,7644,7646,232,138760,17847840.0,OI1401
2013-07-26 09:48:00,7644,7650,7644,7650,502,138930,38613840.0,OI1401
2013-07-26 09:49:00,7650,7652,7646,7650,268,138834,20614560.0,OI1401
2013-07-26 09:50:00,7646,7650,7646,7648,158,138846,12153360.0,OI1401
2013-07-26 09:51:00,7648,7654,7648,7654,382,138822,29383440.0,OI1401
2013-07-26 09:52:00,7652,7654,7652,7654,158,138816,12153360.0,OI1401
2013-07-26 09:53:00,7654,7658,7654,7658,296,138760,22768320.0,OI1401
2013-07-26 09:54:00,7658,7658,7652,7654,210,138732,16153200.0,OI1401
2013-07-26 09:55:00,7654,7654,7650,7654,280,138668,21533480.0,OI1401
2013-07-26 09:56:00,7654,7666,7654,7664,692,138360,53214800.0,OI1401
2013-07-26 09:57:00,7664,7674,7664,7664,834,138182,64134600.0,OI1401
2013-07-26 09:58:00,7666,7672,7664,7666,442,138208,33989800.0,OI1401
2013-07-26 09:59:00,7668,7672,7666,7668,342,138188,26299800.0,OI1401
2013-07-26 10:00:00,7666,7666,7660,7660,714,138354,54906600.0,OI1401
2013-07-26 10:01:00,7660,7660,7658,7658,298,138428,22916200.0,OI1401
2013-07-26 10:02:00,7658,7660,7644,7648,710,138646,54585280.0,OI1401
2013-07-26 10:03:00,7648,7650,7644,7650,528,138856,40592640.0,OI1401
2013-07-26 10:04:00,7650,7652,7648,7650,290,138872,22295200.0,OI1401
2013-07-26 10:05:00,7652,7652,7648,7650,122,138958,9379360.0,OI1401
2013-07-26 10:06:00,7648,7650,7644,7648,420,138976,32289600.0,OI1401
2013-07-26 10:07:00,7646,7648,7644,7646,232,138962,17836160.0,OI1401
2013-07-26 10:08:00,7644,7648,7644,7648,268,138958,20603840.0,OI1401
2013-07-26 10:09:00,7646,7648,7646,7648,172,138948,13220640.0,OI1401
2013-07-26 10:10:00,7646,7650,7646,7650,242,138934,18600120.0,OI1401
2013-07-26 10:11:00,7650,7660,7648,7658,752,138836,57798720.0,OI1401
2013-07-26 10:12:00,7658,7658,7646,7646,342,138780,26286120.0,OI1401
2013-07-26 10:13:00,7646,7650,7646,7648,198,138812,15218280.0,OI1401
2013-07-26 10:14:00,7648,7650,7640,7646,1152,139162,88542720.0,OI1401
2013-07-26 10:30:00,7646,7652,7644,7652,290,139126,22284840.0,OI1401
2013-07-26 10:31:00,7650,7652,7646,7648,402,139074,30889680.0,OI1401
2013-07-26 10:32:00,7648,7650,7644,7648,144,139102,11064960.0,OI1401
2013-07-26 10:33:00,7648,7652,7646,7648,138,139138,10603920.0,OI1401
2013-07-26 10:34:00,7648,7648,7630,7638,1462,139418,112340080.0,OI1401
2013-07-26 10:35:00,7638,7640,7634,7636,894,139744,68680960.0,OI1401
2013-07-26 10:36:00,7636,7638,7628,7628,1666,140734,127982120.0,OI1401
2013-07-26 10:37:00,7628,7634,7626,7628,1040,140992,79873400.0,OI1401
2013-07-26 10:38:00,7626,7632,7626,7628,568,141194,43622400.0,OI1401
2013-07-26 10:39:00,7632,7632,7620,7624,936,141528,71881160.0,OI1401
2013-07-26 10:40:00,7624,7624,7620,7624,718,141766,55128040.0,OI1401
2013-07-26 10:41:00,7624,7626,7614,7616,1334,142374,102423200.0,OI1401
2013-07-26 10:42:00,7616,7616,7608,7612,1244,142790,95489440.0,OI1401
2013-07-26 10:43:00,7610,7612,7608,7612,946,143220,72609200.0,OI1401
2013-07-26 10:44:00,7612,7612,7608,7612,1010,143444,77507400.0,OI1401
2013-07-26 10:45:00,7612,7614,7604,7608,2008,143992,154071240.0,OI1401
2013-07-26 10:46:00,7608,7608,7588,7594,3062,143822,234855520.0,OI1401
2013-07-26 10:47:00,7596,7598,7592,7598,1550,144842,118854000.0,OI1401
2013-07-26 10:48:00,7598,7598,7594,7596,690,144838,52898800.0,OI1401
2013-07-26 10:49:00,7598,7598,7594,7596,506,145068,38789960.0,OI1401
2013-07-26 10:50:00,7598,7604,7596,7604,1046,145370,80186360.0,OI1401
2013-07-26 10:51:00,7604,7616,7602,7614,1560,144890,119560920.0,OI1401
2013-07-26 10:52:00,7614,7640,7612,7624,3882,144380,297475720.0,OI1401
2013-07-26 10:53:00,7624,7630,7620,7626,1070,144252,81983400.0,OI1401
2013-07-26 10:54:00,7628,7636,7622,7634,2296,144632,175911080.0,OI1401
2013-07-26 10:55:00,7634,7636,7626,7628,1146,145008,87783600.0,OI1401
2013-07-26 10:56:00,7626,7632,7626,7630,550,145216,42130000.0,OI1401
2013-07-26 10:57:00,7628,7634,7628,7630,706,145286,54079600.0,OI1401
2013-07-26 10:58:00,7628,7630,7626,7628,216,145338,16545600.0,OI1401
2013-07-26 10:59:00,7626,7630,7624,7626,486,145400,37227600.0,OI1401
2013-07-26 11:00:00,7626,7626,7622,7624,648,145552,49636800.0,OI1401
2013-07-26 11:01:00,7626,7626,7620,7622,566,145478,43355600.0,OI1401
2013-07-26 11:02:00,7622,7622,7614,7614,1238,144838,94812520.0,OI1401
2013-07-26 11:03:00,7616,7620,7612,7618,768,144658,58813440.0,OI1401
2013-07-26 11:04:00,7620,7620,7614,7616,630,144446,48245400.0,OI1401
2013-07-26 11:05:00,7616,7628,7616,7628,438,144290,33542040.0,OI1401
2013-07-26 11:06:00,7628,7632,7626,7630,1716,143978,131411280.0,OI1401
2013-07-26 11:07:00,7630,7636,7628,7630,830,144100,63561400.0,OI1401
2013-07-26 11:08:00,7630,7630,7626,7628,252,144038,19298160.0,OI1401
2013-07-26 11:09:00,7626,7628,7622,7624,254,144126,19451320.0,OI1401
2013-07-26 11:10:00,7624,7624,7620,7624,342,144198,26186240.0,OI1401
2013-07-26 11:11:00,7624,7624,7622,7622,92,144218,7043520.0,OI1401
2013-07-26 11:12:00,7622,7624,7620,7622,158,144230,12096480.0,OI1401
2013-07-26 11:13:00,7622,7630,7622,7628,220,144194,16843200.0,OI1401
2013-07-26 11:14:00,7628,7630,7624,7624,168,144182,12862080.0,OI1401
2013-07-26 11:15:00,7624,7624,7622,7622,170,144118,13015200.0,OI1401
2013-07-26 11:16:00,7624,7624,7622,7624,162,144046,12402720.0,OI1401
2013-07-26 11:17:00,7622,7626,7622,7624,78,144062,5971680.0,OI1401
2013-07-26 11:18:00,7624,7626,7622,7622,272,143958,20824320.0,OI1401
2013-07-26 11:19:00,7620,7624,7620,7620,74,143974,5665440.0,OI1401
2013-07-26 11:20:00,7620,7622,7620,7622,160,143942,12249600.0,OI1401
2013-07-26 11:21:00,7622,7624,7620,7622,172,143922,13168320.0,OI1401
2013-07-26 11:22:00,7622,7624,7620,7622,56,143924,4287360.0,OI1401
2013-07-26 11:23:00,7620,7620,7614,7616,532,143918,40729920.0,OI1401
2013-07-26 11:24:00,7616,7620,7614,7618,342,144056,26183520.0,OI1401
2013-07-26 11:25:00,7618,7620,7618,7618,120,144096,9187200.0,OI1401
2013-07-26 11:26:00,7620,7622,7618,7620,120,144066,9187200.0,OI1401
2013-07-26 11:27:00,7618,7618,7616,7618,158,144064,12096480.0,OI1401
2013-07-26 11:28:00,7618,7620,7618,7618,98,144012,7502880.0,OI1401
2013-07-26 11:29:00,7618,7622,7618,7620,614,143802,47007840.0,OI1401
2013-07-26 13:30:00,7622,7630,7622,7626,546,143910,41801760.0,OI1401
2013-07-26 13:31:00,7628,7628,7626,7626,98,143918,7502880.0,OI1401
2013-07-26 13:32:00,7626,7628,7622,7622,334,143982,25571040.0,OI1401
2013-07-26 13:33:00,7622,7624,7622,7624,72,143982,5512320.0,OI1401
2013-07-26 13:34:00,7624,7626,7622,7626,224,143992,17149440.0,OI1401
2013-07-26 13:35:00,7628,7628,7626,7626,70,143992,5359200.0,OI1401
2013-07-26 13:36:00,7628,7628,7624,7626,386,143812,29552160.0,OI1401
2013-07-26 13:37:00,7628,7630,7626,7630,528,143702,40414920.0,OI1401
2013-07-26 13:38:00,7630,7632,7628,7632,708,143950,54190320.0,OI1401
2013-07-26 13:39:00,7632,7632,7628,7628,294,143886,22502760.0,OI1401
2013-07-26 13:40:00,7628,7630,7624,7624,268,144026,20512720.0,OI1401
2013-07-26 13:41:00,7624,7624,7624,7624,194,144046,14848760.0,OI1401
2013-07-26 13:42:00,7624,7626,7624,7626,134,143962,10256360.0,OI1401
2013-07-26 13:43:00,7626,7628,7626,7626,226,143800,17298040.0,OI1401
2013-07-26 13:44:00,7628,7628,7626,7626,252,143760,19288080.0,OI1401
2013-07-26 13:45:00,7626,7628,7624,7628,146,143684,11174840.0,OI1401
2013-07-26 13:46:00,7628,7630,7626,7630,410,143376,31381400.0,OI1401
2013-07-26 13:47:00,7628,7630,7624,7624,806,142784,61691240.0,OI1401
2013-07-26 13:48:00,7624,7626,7622,7626,304,142782,23268160.0,OI1401
2013-07-26 13:49:00,7626,7626,7624,7624,156,142704,11940240.0,OI1401
2013-07-26 13:50:00,7624,7626,7624,7624,236,142512,18063440.0,OI1401
2013-07-26 13:51:00,7624,7626,7622,7624,104,142500,7960160.0,OI1401
2013-07-26 13:52:00,7622,7622,7608,7608,580,142456,44393200.0,OI1401
2013-07-26 13:53:00,7608,7614,7606,7612,484,142262,37045360.0,OI1401
2013-07-26 13:54:00,7610,7620,7610,7616,574,142096,43933960.0,OI1401
2013-07-26 13:55:00,7616,7618,7614,7616,212,142054,16226480.0,OI1401
2013-07-26 13:56:00,7614,7616,7612,7614,194,142130,14848760.0,OI1401
2013-07-26 13:57:00,7614,7616,7610,7612,288,142116,22040000.0,OI1401
2013-07-26 13:58:00,7610,7610,7594,7596,2042,142392,156253840.0,OI1401
2013-07-26 13:59:00,7596,7604,7592,7598,1130,142364,86467600.0,OI1401
2013-07-26 14:00:00,7596,7600,7596,7598,438,142330,33515760.0,OI1401
2013-07-26 14:01:00,7598,7604,7598,7602,376,142300,28771520.0,OI1401
2013-07-26 14:02:00,7604,7606,7602,7604,440,142042,33662920.0,OI1401
2013-07-26 14:03:00,7604,7606,7602,7602,154,142016,11781000.0,OI1401
2013-07-26 14:04:00,7604,7604,7596,7596,516,142064,39474000.0,OI1401
2013-07-26 14:05:00,7596,7600,7592,7594,520,142110,39780000.0,OI1401
2013-07-26 14:06:00,7592,7596,7590,7596,768,142172,58752000.0,OI1401
2013-07-26 14:07:00,7594,7600,7594,7598,398,142004,30447000.0,OI1401
2013-07-26 14:08:00,7600,7602,7598,7598,704,141694,53856000.0,OI1401
2013-07-26 14:09:00,7598,7602,7598,7602,218,141656,16677000.0,OI1401
2013-07-26 14:10:00,7602,7604,7600,7602,224,141598,17136000.0,OI1401
2013-07-26 14:11:00,7602,7602,7594,7596,562,141342,42993000.0,OI1401
2013-07-26 14:12:00,7596,7596,7592,7592,706,141456,53997480.0,OI1401
2013-07-26 14:13:00,7592,7594,7590,7592,372,141500,28450560.0,OI1401
2013-07-26 14:14:00,7592,7592,7570,7572,2114,141330,161678720.0,OI1401
2013-07-26 14:15:00,7574,7578,7570,7574,914,141572,69896520.0,OI1401
2013-07-26 14:16:00,7574,7576,7566,7572,868,141824,66367280.0,OI1401
2013-07-26 14:17:00,7572,7580,7570,7580,1432,141984,109490720.0,OI1401
2013-07-26 14:18:00,7580,7586,7580,7586,702,141706,53674920.0,OI1401
2013-07-26 14:19:00,7586,7586,7578,7580,452,141550,34553680.0,OI1401
2013-07-26 14:20:00,7580,7582,7576,7576,438,141802,33480720.0,OI1401
2013-07-26 14:21:00,7576,7576,7570,7574,392,141906,29964480.0,OI1401
2013-07-26 14:22:00,7574,7578,7572,7574,606,142078,46322640.0,OI1401
2013-07-26 14:23:00,7574,7576,7572,7572,224,142050,17122560.0,OI1401
2013-07-26 14:24:00,7572,7572,7562,7566,1208,142278,92339520.0,OI1401
2013-07-26 14:25:00,7568,7570,7566,7566,504,142340,38524320.0,OI1401
2013-07-26 14:26:00,7566,7570,7566,7570,184,142290,14061280.0,OI1401
2013-07-26 14:27:00,7568,7570,7554,7554,928,142396,70917760.0,OI1401
2013-07-26 14:28:00,7552,7554,7520,7520,3052,143094,233206800.0,OI1401
2013-07-26 14:29:00,7518,7532,7516,7530,2804,142538,214187600.0,OI1401
2013-07-26 14:30:00,7530,7530,7518,7520,1554,142582,118670560.0,OI1401
2013-07-26 14:31:00,7520,7524,7518,7524,1314,142844,100334200.0,OI1401
2013-07-26 14:32:00,7524,7530,7522,7528,1064,142998,81225760.0,OI1401
2013-07-26 14:33:00,7526,7528,7514,7516,1278,142972,97562520.0,OI1401
2013-07-26 14:34:00,7516,7516,7512,7512,2914,143574,222385440.0,OI1401
2013-07-26 14:35:00,7512,7512,7512,7512,1046,143288,79809800.0,OI1401
2013-07-26 14:36:00,7512,7514,7512,7512,1392,143470,106195800.0,OI1401
2013-07-26 14:37:00,7512,7518,7512,7516,1316,143368,100384480.0,OI1401
2013-07-26 14:38:00,7518,7518,7512,7514,1212,143672,92440440.0,OI1401
2013-07-26 14:39:00,7514,7518,7512,7516,1368,143316,104323680.0,OI1401
2013-07-26 14:40:00,7516,7518,7514,7518,510,143196,38892600.0,OI1401
2013-07-26 14:41:00,7518,7520,7514,7516,818,143204,62369920.0,OI1401
2013-07-26 14:42:00,7516,7518,7512,7516,756,143512,57637440.0,OI1401
2013-07-26 14:43:00,7516,7520,7514,7518,654,143570,49860960.0,OI1401
2013-07-26 14:44:00,7518,7544,7518,7540,1934,142718,147425400.0,OI1401
2013-07-26 14:45:00,7538,7542,7530,7536,1434,142304,109299480.0,OI1401
2013-07-26 14:46:00,7536,7538,7532,7532,606,142330,46189320.0,OI1401
2013-07-26 14:47:00,7532,7532,7526,7528,778,142220,59294080.0,OI1401
2013-07-26 14:48:00,7528,7530,7526,7528,316,142188,24079200.0,OI1401
2013-07-26 14:49:00,7530,7530,7522,7524,402,142154,30632400.0,OI1401
2013-07-26 14:50:00,7526,7526,7518,7522,544,142138,41452800.0,OI1401
2013-07-26 14:51:00,7522,7524,7520,7522,276,142066,21031200.0,OI1401
2013-07-26 14:52:00,7522,7528,7522,7528,420,142028,32004000.0,OI1401
2013-07-26 14:53:00,7528,7528,7522,7524,662,142346,50444400.0,OI1401
2013-07-26 14:54:00,7524,7524,7520,7520,666,142344,50743680.0,OI1401
2013-07-26 14:55:00,7518,7526,7518,7522,510,142344,38851800.0,OI1401
2013-07-26 14:56:00,7524,7524,7520,7524,766,142168,58353880.0,OI1401
2013-07-26 14:57:00,7524,7528,7524,7528,550,142050,41899000.0,OI1401
2013-07-26 14:58:00,7526,7528,7524,7526,762,141748,58049160.0,OI1401
2013-07-26 14:59:00,7526,7528,7518,7518,1620,140952,123389240.0,OI1401
2013-07-29 09:00:00,7502,7526,7502,7516,2050,141204,153898600.0,OI1401
2013-07-29 09:01:00,7514,7520,7510,7516,1258,141410,94504840.0,OI1401
2013-07-29 09:02:00,7516,7516,7490,7492,1876,142010,140934120.0,OI1401
2013-07-29 09:03:00,7490,7498,7484,7488,2094,142578,157188480.0,OI1401
2013-07-29 09:04:00,7488,7492,7468,7468,1974,143108,148083760.0,OI1401
2013-07-29 09:05:00,7468,7476,7466,7472,2244,143958,168203200.0,OI1401
2013-07-29 09:06:00,7470,7484,7470,7480,2062,144468,154491920.0,OI1401
2013-07-29 09:07:00,7480,7486,7480,7484,1758,144438,131679480.0,OI1401
2013-07-29 09:08:00,7482,7482,7474,7476,862,144742,64563800.0,OI1401
2013-07-29 09:09:00,7474,7480,7472,7478,1218,145380,91222600.0,OI1401
2013-07-29 09:10:00,7476,7482,7476,7480,730,145568,54662400.0,OI1401
2013-07-29 09:11:00,7480,7482,7478,7478,690,145864,51667200.0,OI1401
2013-07-29 09:12:00,7478,7478,7460,7470,1748,146190,130879840.0,OI1401
2013-07-29 09:13:00,7470,7472,7460,7464,1378,146934,103157080.0,OI1401
2013-07-29 09:14:00,7462,7466,7446,7452,2586,147748,193523840.0,OI1401
2013-07-29 09:15:00,7452,7460,7450,7458,1266,147848,94717320.0,OI1401
2013-07-29 09:16:00,7456,7464,7456,7464,1234,147926,92303200.0,OI1401
2013-07-29 09:17:00,7464,7464,7460,7462,488,148010,36502400.0,OI1401
2013-07-29 09:18:00,7462,7464,7460,7464,596,148150,44580800.0,OI1401
2013-07-29 09:19:00,7464,7464,7460,7462,636,148318,47572800.0,OI1401
2013-07-29 09:20:00,7460,7460,7452,7454,1284,148744,96017520.0,OI1401
2013-07-29 09:21:00,7454,7462,7454,7460,508,148870,37988240.0,OI1401
2013-07-29 09:22:00,7458,7460,7456,7458,362,148932,27070360.0,OI1401
2013-07-29 09:23:00,7458,7460,7456,7456,248,148932,18545440.0,OI1401
2013-07-29 09:24:00,7458,7462,7456,7462,532,148904,39782960.0,OI1401
2013-07-29 09:25:00,7460,7468,7460,7466,1204,148742,90011080.0,OI1401
2013-07-29 09:26:00,7466,7480,7466,7476,1302,148364,97337520.0,OI1401
2013-07-29 09:27:00,7476,7486,7474,7484,1598,148088,119466480.0,OI1401
2013-07-29 09:28:00,7484,7492,7482,7488,1410,147866,105420560.0,OI1401
2013-07-29 09:29:00,7484,7486,7470,7476,756,147966,56533680.0,OI1401
2013-07-29 09:30:00,7476,7482,7476,7480,404,147972,30211120.0,OI1401
2013-07-29 09:31:00,7476,7478,7472,7474,354,147840,26472120.0,OI1401
2013-07-29 09:32:00,7472,7476,7470,7476,422,147986,31557160.0,OI1401
2013-07-29 09:33:00,7474,7492,7474,7490,1198,147708,89586440.0,OI1401
2013-07-29 09:34:00,7490,7490,7484,7486,496,147666,37090880.0,OI1401
2013-07-29 09:35:00,7484,7490,7484,7488,192,147708,14357760.0,OI1401
2013-07-29 09:36:00,7486,7488,7482,7482,320,147674,23929600.0,OI1401
2013-07-29 09:37:00,7482,7482,7478,7480,232,147716,17348960.0,OI1401
2013-07-29 09:38:00,7480,7482,7478,7480,160,147696,11964800.0,OI1401
2013-07-29 09:39:00,7482,7482,7476,7476,356,147716,26621680.0,OI1401
2013-07-29 09:40:00,7476,7476,7470,7470,548,147730,40979440.0,OI1401
2013-07-29 09:41:00,7470,7472,7470,7472,184,147776,13759520.0,OI1401
2013-07-29 09:42:00,7472,7474,7470,7472,184,147838,13759520.0,OI1401
2013-07-29 09:43:00,7474,7474,7462,7466,1142,147846,85398760.0,OI1401
2013-07-29 09:44:00,7464,7472,7464,7470,294,147854,21985320.0,OI1401
2013-07-29 09:45:00,7468,7476,7468,7476,398,147876,29762440.0,OI1401
2013-07-29 09:46:00,7474,7476,7472,7472,396,147804,29612880.0,OI1401
2013-07-29 09:47:00,7472,7472,7466,7466,224,147730,16750720.0,OI1401
2013-07-29 09:48:00,7470,7472,7468,7472,72,147760,5384160.0,OI1401
2013-07-29 09:49:00,7472,7474,7470,7472,142,147758,10618760.0,OI1401
2013-07-29 09:50:00,7472,7472,7468,7468,160,147754,11964800.0,OI1401
2013-07-29 09:51:00,7468,7470,7466,7468,244,147620,18244440.0,OI1401
2013-07-29 09:52:00,7466,7468,7466,7468,44,147626,3289440.0,OI1401
2013-07-29 09:53:00,7468,7474,7468,7474,214,147596,15998640.0,OI1401
2013-07-29 09:54:00,7472,7476,7472,7476,174,147580,13008240.0,OI1401
2013-07-29 09:55:00,7474,7478,7474,7476,234,147468,17493840.0,OI1401
2013-07-29 09:56:00,7476,7478,7476,7476,206,147358,15400560.0,OI1401
2013-07-29 09:57:00,7476,7476,7466,7466,404,147322,30203040.0,OI1401
2013-07-29 09:58:00,7464,7472,7464,7472,144,147308,10765440.0,OI1401
2013-07-29 09:59:00,7470,7472,7470,7470,52,147312,3887520.0,OI1401
2013-07-29 10:00:00,7472,7474,7470,7472,168,147218,12559680.0,OI1401
2013-07-29 10:01:00,7472,7482,7472,7478,574,147152,42912240.0,OI1401
2013-07-29 10:02:00,7480,7480,7476,7478,274,147248,20484240.0,OI1401
2013-07-29 10:03:00,7480,7482,7478,7482,464,147516,34688640.0,OI1401
2013-07-29 10:04:00,7482,7484,7478,7480,336,147644,25119360.0,OI1401
2013-07-29 10:05:00,7480,7480,7478,7478,106,147658,7924560.0,OI1401
2013-07-29 10:06:00,7480,7480,7476,7478,74,147656,5532240.0,OI1401
2013-07-29 10:07:00,7478,7480,7474,7480,340,147618,25418400.0,OI1401
2013-07-29 10:08:00,7480,7482,7480,7480,216,147662,16148160.0,OI1401
2013-07-29 10:09:00,7480,7480,7478,7478,116,147668,8672160.0,OI1401
2013-07-29 10:10:00,7478,7482,7478,7480,190,147644,14204400.0,OI1401
2013-07-29 10:11:00,7480,7482,7478,7480,90,147664,6728400.0,OI1401
2013-07-29 10:12:00,7480,7482,7476,7476,88,147662,6578880.0,OI1401
2013-07-29 10:13:00,7476,7478,7474,7474,148,147674,11064480.0,OI1401
2013-07-29 10:14:00,7474,7476,7472,7472,142,147694,10615920.0,OI1401
2013-07-29 10:30:00,7472,7474,7468,7470,484,148052,36183840.0,OI1401
2013-07-29 10:31:00,7470,7470,7464,7466,682,148468,50986320.0,OI1401
2013-07-29 10:32:00,7466,7466,7462,7464,552,148646,41267520.0,OI1401
2013-07-29 10:33:00,7464,7466,7462,7466,310,148736,23175600.0,OI1401
2013-07-29 10:34:00,7466,7468,7466,7468,390,148896,29156400.0,OI1401
2013-07-29 10:35:00,7468,7476,7468,7474,480,148766,35884800.0,OI1401
2013-07-29 10:36:00,7474,7476,7468,7470,158,148750,11812080.0,OI1401
2013-07-29 10:37:00,7468,7470,7468,7468,88,148734,6578880.0,OI1401
2013-07-29 10:38:00,7470,7472,7470,7472,90,148750,6728400.0,OI1401
2013-07-29 10:39:00,7472,7472,7470,7472,130,148756,9718800.0,OI1401
2013-07-29 10:40:00,7470,7470,7468,7468,66,148738,4934160.0,OI1401
2013-07-29 10:41:00,7468,7470,7466,7468,56,148754,4186560.0,OI1401
2013-07-29 10:42:00,7468,7470,7468,7468,134,148804,10017840.0,OI1401
2013-07-29 10:43:00,7466,7468,7466,7468,144,148856,10765440.0,OI1401
2013-07-29 10:44:00,7466,7468,7464,7466,614,149118,45902640.0,OI1401
2013-07-29 10:45:00,7466,7466,7462,7462,510,149184,38127600.0,OI1401
2013-07-29 10:46:00,7462,7466,7460,7466,302,149142,22577520.0,OI1401
2013-07-29 10:47:00,7466,7478,7464,7476,1242,148736,92851920.0,OI1401
2013-07-29 10:48:00,7476,7480,7474,7478,1168,148304,87319680.0,OI1401
2013-07-29 10:49:00,7478,7488,7478,7482,1236,148054,92403360.0,OI1401
2013-07-29 10:50:00,7484,7486,7474,7480,744,147982,55621440.0,OI1401
2013-07-29 10:51:00,7482,7484,7480,7480,420,148016,31399200.0,OI1401
2013-07-29 10:52:00,7482,7484,7482,7482,244,148020,18241440.0,OI1401
2013-07-29 10:53:00,7482,7482,7480,7480,72,148014,5382720.0,OI1401
2013-07-29 10:54:00,7480,7484,7480,7482,382,148072,28558320.0,OI1401
2013-07-29 10:55:00,7482,7488,7480,7488,476,148136,35585760.0,OI1401
2013-07-29 10:56:00,7490,7494,7488,7494,1152,148210,86123520.0,OI1401
2013-07-29 10:57:00,7494,7494,7484,7488,630,148138,47098800.0,OI1401
2013-07-29 10:58:00,7488,7488,7482,7482,238,148096,17792880.0,OI1401
2013-07-29 10:59:00,7484,7486,7482,7484,158,148072,11812080.0,OI1401
2013-07-29 11:00:00,7484,7488,7482,7488,546,148064,40818960.0,OI1401
2013-07-29 11:01:00,7486,7488,7484,7484,58,148082,4336920.0,OI1401
2013-07-29 11:02:00,7484,7486,7484,7486,172,148066,12862160.0,OI1401
2013-07-29 11:03:00,7486,7488,7484,7484,100,148084,7478000.0,OI1401
2013-07-29 11:04:00,7484,7486,7484,7484,54,148064,4038120.0,OI1401
2013-07-29 11:05:00,7484,7484,7482,7482,264,148148,19741920.0,OI1401
2013-07-29 11:06:00,7482,7484,7480,7482,142,148128,10618760.0,OI1401
2013-07-29 11:07:00,7482,7486,7480,7484,250,148088,18695000.0,OI1401
2013-07-29 11:08:00,7486,7492,7484,7488,596,147720,44568880.0,OI1401
2013-07-29 11:09:00,7490,7490,7486,7490,242,147704,18096760.0,OI1401
2013-07-29 11:10:00,7490,7490,7488,7488,366,147886,27369480.0,OI1401
2013-07-29 11:11:00,7488,7494,7488,7494,184,147900,13759520.0,OI1401
2013-07-29 11:12:00,7494,7520,7492,7514,2710,147186,202653800.0,OI1401
2013-07-29 11:13:00,7514,7556,7506,7554,5206,144566,389429320.0,OI1401
2013-07-29 11:14:00,7552,7552,7536,7542,2130,144524,159391200.0,OI1401
2013-07-29 11:15:00,7542,7544,7534,7538,1406,144696,105225040.0,OI1401
2013-07-29 11:16:00,7536,7542,7536,7536,1308,144720,97915240.0,OI1401
2013-07-29 11:17:00,7536,7540,7532,7534,828,144766,61984080.0,OI1401
2013-07-29 11:18:00,7534,7540,7528,7528,2316,145536,173403240.0,OI1401
2013-07-29 11:19:00,7528,7538,7524,7536,1090,145548,81619200.0,OI1401
2013-07-29 11:20:00,7536,7550,7536,7550,2732,145632,204605040.0,OI1401
2013-07-29 11:21:00,7550,7550,7524,7528,2492,145230,186671560.0,OI1401
2013-07-29 11:22:00,7528,7534,7526,7526,1606,145184,120321520.0,OI1401
2013-07-29 11:23:00,7524,7530,7524,7530,918,145314,68776560.0,OI1401
2013-07-29 11:24:00,7532,7536,7526,7530,1026,145078,76867920.0,OI1401
2013-07-29 11:25:00,7528,7548,7528,7546,996,144760,74639520.0,OI1401
2013-07-29 11:26:00,7546,7550,7538,7538,896,144430,67146240.0,OI1401
2013-07-29 11:27:00,7540,7552,7538,7548,1428,143654,107014320.0,OI1401
2013-07-29 11:28:00,7548,7556,7548,7552,1782,143396,133569920.0,OI1401
2013-07-29 11:29:00,7554,7554,7546,7548,998,143078,74810080.0,OI1401
2013-07-29 13:30:00,7546,7546,7534,7538,872,143260,65365120.0,OI1401
2013-07-29 13:31:00,7536,7540,7534,7538,478,143214,35830880.0,OI1401
2013-07-29 13:32:00,7536,7536,7528,7528,650,143354,48732840.0,OI1401
2013-07-29 13:33:00,7528,7530,7524,7526,392,143362,29392160.0,OI1401
2013-07-29 13:34:00,7526,7528,7524,7528,274,143364,20544520.0,OI1401
2013-07-29 13:35:00,7528,7528,7524,7526,452,143354,33890960.0,OI1401
2013-07-29 13:36:00,7526,7530,7522,7530,496,143300,37190080.0,OI1401
2013-07-29 13:37:00,7530,7540,7530,7538,520,143150,38989600.0,OI1401
2013-07-29 13:38:00,7538,7538,7536,7536,194,143218,14546120.0,OI1401
2013-07-29 13:39:00,7536,7550,7536,7550,1136,142924,85177280.0,OI1401
2013-07-29 13:40:00,7550,7550,7540,7544,812,142948,60883760.0,OI1401
2013-07-29 13:41:00,7540,7542,7536,7540,188,142948,14096240.0,OI1401
2013-07-29 13:42:00,7538,7540,7538,7540,200,142950,14996000.0,OI1401
2013-07-29 13:43:00,7538,7542,7532,7532,424,142988,31795560.0,OI1401
2013-07-29 13:44:00,7532,7534,7528,7530,652,142904,48900000.0,OI1401
2013-07-29 13:45:00,7528,7534,7528,7532,520,142818,39000000.0,OI1401
2013-07-29 13:46:00,7534,7536,7532,7536,190,142910,14250000.0,OI1401
2013-07-29 13:47:00,7536,7540,7534,7538,296,142786,22200000.0,OI1401
2013-07-29 13:48:00,7540,7544,7536,7536,484,142642,36300000.0,OI1401
2013-07-29 13:49:00,7538,7540,7536,7540,162,142638,12150000.0,OI1401
2013-07-29 13:50:00,7540,7542,7540,7542,172,142652,12900000.0,OI1401
2013-07-29 13:51:00,7542,7544,7542,7542,214,142650,16050000.0,OI1401
2013-07-29 13:52:00,7542,7542,7534,7536,154,142650,11550000.0,OI1401
2013-07-29 13:53:00,7534,7538,7534,7536,78,142640,5850000.0,OI1401
2013-07-29 13:54:00,7536,7538,7536,7538,74,142650,5550000.0,OI1401
2013-07-29 13:55:00,7538,7540,7538,7540,90,142694,6750000.0,OI1401
2013-07-29 13:56:00,7540,7548,7540,7546,532,142714,39900000.0,OI1401
2013-07-29 13:57:00,7548,7550,7542,7544,264,142804,19800000.0,OI1401
2013-07-29 13:58:00,7542,7544,7540,7542,198,142848,14850000.0,OI1401
2013-07-29 13:59:00,7542,7542,7540,7540,210,142748,15750000.0,OI1401
2013-07-29 14:00:00,7538,7540,7536,7538,164,142696,12300000.0,OI1401
2013-07-29 14:01:00,7536,7538,7534,7536,318,142792,23850000.0,OI1401
2013-07-29 14:02:00,7538,7540,7536,7538,168,142852,12600000.0,OI1401
2013-07-29 14:03:00,7538,7540,7538,7540,176,142872,13200000.0,OI1401
2013-07-29 14:04:00,7538,7538,7534,7534,180,142814,13500000.0,OI1401
2013-07-29 14:05:00,7534,7536,7532,7534,468,142852,35104480.0,OI1401
2013-07-29 14:06:00,7534,7536,7534,7534,84,142856,6301680.0,OI1401
2013-07-29 14:07:00,7536,7536,7534,7534,112,142866,8402240.0,OI1401
2013-07-29 14:08:00,7534,7538,7534,7538,238,142806,17854760.0,OI1401
2013-07-29 14:09:00,7538,7542,7536,7542,98,142774,7351960.0,OI1401
2013-07-29 14:10:00,7540,7540,7538,7538,100,142778,7502000.0,OI1401
2013-07-29 14:11:00,7538,7540,7536,7536,66,142796,4951320.0,OI1401
2013-07-29 14:12:00,7534,7536,7534,7534,118,142732,8852360.0,OI1401
2013-07-29 14:13:00,7534,7538,7534,7536,134,142726,10052680.0,OI1401
2013-07-29 14:14:00,7536,7538,7536,7538,54,142744,4051080.0,OI1401
2013-07-29 14:15:00,7538,7538,7536,7538,304,142748,22806080.0,OI1401
2013-07-29 14:16:00,7536,7538,7536,7536,68,142738,5101360.0,OI1401
2013-07-29 14:17:00,7536,7536,7534,7536,202,142742,15154040.0,OI1401
2013-07-29 14:18:00,7536,7538,7536,7538,336,142762,25206720.0,OI1401
2013-07-29 14:19:00,7536,7538,7536,7536,76,142738,5701520.0,OI1401
2013-07-29 14:20:00,7538,7538,7536,7536,120,142742,9002400.0,OI1401
2013-07-29 14:21:00,7536,7538,7536,7538,140,142700,10502800.0,OI1401
2013-07-29 14:22:00,7538,7538,7536,7536,82,142742,6151640.0,OI1401
2013-07-29 14:23:00,7536,7536,7536,7536,56,142774,4201120.0,OI1401
2013-07-29 14:24:00,7536,7538,7536,7538,110,142800,8252200.0,OI1401
2013-07-29 14:25:00,7538,7538,7534,7536,142,142790,10652840.0,OI1401
2013-07-29 14:26:00,7536,7538,7534,7538,158,142718,11853160.0,OI1401
2013-07-29 14:27:00,7536,7538,7536,7538,72,142782,5401440.0,OI1401
2013-07-29 14:28:00,7536,7538,7536,7538,56,142814,4201120.0,OI1401
2013-07-29 14:29:00,7536,7538,7536,7538,436,142580,32708720.0,OI1401
2013-07-29 14:30:00,7538,7538,7536,7538,226,142620,16954520.0,OI1401
2013-07-29 14:31:00,7538,7538,7536,7536,88,142558,6601760.0,OI1401
2013-07-29 14:32:00,7538,7538,7536,7536,230,142430,17254600.0,OI1401
2013-07-29 14:33:00,7538,7538,7536,7538,192,142422,14403840.0,OI1401
2013-07-29 14:34:00,7538,7540,7536,7540,60,142422,4501200.0,OI1401
2013-07-29 14:35:00,7540,7556,7540,7550,1340,142370,100526800.0,OI1401
2013-07-29 14:36:00,7550,7554,7548,7554,572,142294,42918200.0,OI1401
2013-07-29 14:37:00,7554,7554,7546,7546,334,142384,25063360.0,OI1401
2013-07-29 14:38:00,7548,7552,7546,7550,300,142404,22512000.0,OI1401
2013-07-29 14:39:00,7550,7554,7550,7552,366,142334,27464640.0,OI1401
2013-07-29 14:40:00,7554,7554,7548,7548,532,142484,39921280.0,OI1401
2013-07-29 14:41:00,7548,7548,7546,7548,380,142520,28515200.0,OI1401
2013-07-29 14:42:00,7548,7548,7546,7548,184,142496,13807360.0,OI1401
2013-07-29 14:43:00,7548,7552,7546,7550,360,142366,27014400.0,OI1401
2013-07-29 14:44:00,7550,7552,7550,7550,308,142394,23112320.0,OI1401
2013-07-29 14:45:00,7550,7552,7548,7548,316,142520,23712640.0,OI1401
2013-07-29 14:46:00,7548,7550,7546,7548,160,142490,12006400.0,OI1401
2013-07-29 14:47:00,7546,7550,7546,7548,202,142478,15158080.0,OI1401
2013-07-29 14:48:00,7548,7550,7548,7548,186,142446,13957440.0,OI1401
2013-07-29 14:49:00,7550,7550,7548,7548,214,142358,16058560.0,OI1401
2013-07-29 14:50:00,7548,7548,7546,7546,264,142340,19810560.0,OI1401
2013-07-29 14:51:00,7546,7546,7536,7538,1076,142084,80744960.0,OI1401
2013-07-29 14:52:00,7536,7538,7534,7538,582,142122,43684920.0,OI1401
2013-07-29 14:53:00,7536,7546,7536,7546,406,142006,30474360.0,OI1401
2013-07-29 14:54:00,7544,7546,7540,7540,152,141930,11409120.0,OI1401
2013-07-29 14:55:00,7542,7542,7536,7536,268,141876,20116080.0,OI1401
2013-07-29 14:56:00,7538,7538,7536,7536,188,141776,14111280.0,OI1401
2013-07-29 14:57:00,7538,7540,7534,7538,1250,140880,93825000.0,OI1401
2013-07-29 14:58:00,7536,7538,7534,7534,664,140654,49839840.0,OI1401
2013-07-29 14:59:00,7534,7542,7530,7540,1830,139752,137359800.0,OI1401
2013-07-30 09:00:00,7502,7518,7500,7516,3436,140552,257873920.0,OI1401
2013-07-30 09:01:00,7516,7522,7514,7518,1372,140738,103028360.0,OI1401
2013-07-30 09:02:00,7518,7520,7502,7502,1346,140862,101108120.0,OI1401
2013-07-30 09:03:00,7502,7504,7490,7492,2478,141776,186073400.0,OI1401
2013-07-30 09:04:00,7494,7498,7488,7490,1902,142526,142753160.0,OI1401
2013-07-30 09:05:00,7492,7498,7490,7494,684,142630,51327360.0,OI1401
2013-07-30 09:06:00,7496,7496,7480,7480,1526,143160,114498320.0,OI1401
2013-07-30 09:07:00,7480,7480,7476,7478,1644,143912,123312240.0,OI1401
2013-07-30 09:08:00,7478,7480,7476,7478,924,144366,69285320.0,OI1401
2013-07-30 09:09:00,7476,7482,7472,7480,1790,144404,134193560.0,OI1401
2013-07-30 09:10:00,7478,7512,7478,7512,4232,142706,317230720.0,OI1401
2013-07-30 09:11:00,7514,7514,7502,7506,2610,142672,195659880.0,OI1401
2013-07-30 09:12:00,7506,7510,7502,7508,1446,142304,108421080.0,OI1401
2013-07-30 09:13:00,7508,7514,7506,7510,1676,142462,125666480.0,OI1401
2013-07-30 09:14:00,7508,7512,7502,7502,820,142488,61483600.0,OI1401
2013-07-30 09:15:00,7502,7502,7496,7500,1568,142574,117599680.0,OI1401
2013-07-30 09:16:00,7502,7516,7498,7514,1236,142720,92700000.0,OI1401
2013-07-30 09:17:00,7512,7516,7510,7510,1062,142732,79650000.0,OI1401
2013-07-30 09:18:00,7510,7512,7506,7508,530,142636,39750000.0,OI1401
2013-07-30 09:19:00,7508,7514,7508,7510,568,142440,42600000.0,OI1401
2013-07-30 09:20:00,7512,7526,7512,7522,2358,142198,176869000.0,OI1401
2013-07-30 09:21:00,7526,7530,7522,7530,1740,141816,130534800.0,OI1401
2013-07-30 09:22:00,7530,7538,7528,7528,2056,141510,154278560.0,OI1401
2013-07-30 09:23:00,7528,7530,7524,7526,698,141606,52377920.0,OI1401
2013-07-30 09:24:00,7528,7528,7524,7524,822,141510,61693400.0,OI1401
2013-07-30 09:25:00,7524,7524,7518,7522,724,141272,54343440.0,OI1401
2013-07-30 09:26:00,7520,7524,7520,7520,498,141262,37379880.0,OI1401
2013-07-30 09:27:00,7520,7522,7520,7520,258,141100,19365480.0,OI1401
2013-07-30 09:28:00,7520,7522,7512,7512,582,141074,43684920.0,OI1401
2013-07-30 09:29:00,7514,7516,7512,7516,454,141232,34077240.0,OI1401
2013-07-30 09:30:00,7516,7516,7512,7514,526,141048,39481560.0,OI1401
2013-07-30 09:31:00,7512,7514,7510,7512,434,140960,32576040.0,OI1401
2013-07-30 09:32:00,7512,7512,7510,7510,146,140958,10958760.0,OI1401
2013-07-30 09:33:00,7510,7512,7510,7512,112,140960,8406720.0,OI1401
2013-07-30 09:34:00,7512,7516,7510,7514,378,140962,28372680.0,OI1401
2013-07-30 09:35:00,7514,7514,7512,7512,72,140926,5404320.0,OI1401
2013-07-30 09:36:00,7512,7512,7504,7508,914,140574,68604840.0,OI1401
2013-07-30 09:37:00,7508,7510,7506,7506,414,140866,31074840.0,OI1401
2013-07-30 09:38:00,7506,7506,7494,7498,2096,140376,157325760.0,OI1401
2013-07-30 09:39:00,7498,7500,7494,7496,704,140498,52842240.0,OI1401
2013-07-30 09:40:00,7496,7502,7494,7500,600,140598,45036000.0,OI1401
2013-07-30 09:41:00,7502,7504,7498,7500,482,140508,36178920.0,OI1401
2013-07-30 09:42:00,7500,7504,7500,7502,306,140324,22968360.0,OI1401
2013-07-30 09:43:00,7502,7504,7498,7498,340,140344,25520400.0,OI1401
2013-07-30 09:44:00,7498,7498,7496,7498,452,140234,33927120.0,OI1401
2013-07-30 09:45:00,7498,7508,7496,7506,474,140102,35578440.0,OI1401
2013-07-30 09:46:00,7506,7508,7504,7506,508,139796,38130480.0,OI1401
2013-07-30 09:47:00,7508,7512,7506,7510,472,139592,35428320.0,OI1401
2013-07-30 09:48:00,7508,7516,7508,7514,566,139526,42483960.0,OI1401
2013-07-30 09:49:00,7514,7526,7512,7522,1652,139342,123999120.0,OI1401
2013-07-30 09:50:00,7522,7524,7518,7518,648,139426,48638880.0,OI1401
2013-07-30 09:51:00,7518,7520,7516,7516,336,139368,25220160.0,OI1401
2013-07-30 09:52:00,7516,7520,7516,7520,110,139384,8256600.0,OI1401
2013-07-30 09:53:00,7518,7520,7518,7518,390,139548,29273400.0,OI1401
2013-07-30 09:54:00,7518,7518,7512,7516,334,139574,25070040.0,OI1401
2013-07-30 09:55:00,7514,7516,7514,7516,134,139588,10058040.0,OI1401
2013-07-30 09:56:00,7516,7518,7516,7516,242,139560,18164520.0,OI1401
2013-07-30 09:57:00,7516,7516,7514,7514,66,139506,4953960.0,OI1401
2013-07-30 09:58:00,7514,7516,7514,7516,42,139488,3152520.0,OI1401
2013-07-30 09:59:00,7516,7516,7516,7516,84,139482,6305040.0,OI1401
2013-07-30 10:00:00,7516,7516,7514,7514,82,139468,6154920.0,OI1401
2013-07-30 10:01:00,7514,7516,7514,7514,102,139408,7656120.0,OI1401
2013-07-30 10:02:00,7516,7516,7512,7512,142,139402,10658520.0,OI1401
2013-07-30 10:03:00,7510,7514,7510,7514,190,139308,14261400.0,OI1401
2013-07-30 10:04:00,7514,7514,7514,7514,72,139302,5404320.0,OI1401
2013-07-30 10:05:00,7516,7516,7514,7514,36,139282,2702160.0,OI1401
2013-07-30 10:06:00,7514,7516,7514,7516,24,139280,1801440.0,OI1401
2013-07-30 10:07:00,7514,7516,7512,7516,148,139330,11108880.0,OI1401
2013-07-30 10:08:00,7514,7516,7514,7516,136,139276,10208160.0,OI1401
2013-07-30 10:09:00,7516,7516,7514,7514,178,139256,13360680.0,OI1401
2013-07-30 10:10:00,7514,7518,7514,7518,172,139232,12910320.0,OI1401
2013-07-30 10:11:00,7518,7520,7516,7518,332,139188,24925760.0,OI1401
2013-07-30 10:12:00,7518,7518,7516,7516,16,139192,1201280.0,OI1401
2013-07-30 10:13:00,7516,7518,7516,7518,46,139194,3453680.0,OI1401
2013-07-30 10:14:00,7516,7518,7516,7518,44,139188,3303520.0,OI1401
2013-07-30 10:30:00,7518,7520,7518,7518,116,139192,8709280.0,OI1401
2013-07-30 10:31:00,7518,7518,7508,7508,412,139006,30932960.0,OI1401
2013-07-30 10:32:00,7506,7510,7504,7510,250,139026,18770000.0,OI1401
2013-07-30 10:33:00,7510,7512,7508,7510,66,139068,4955280.0,OI1401
2013-07-30 10:34:00,7510,7516,7510,7514,48,139070,3603840.0,OI1401
2013-07-30 10:35:00,7514,7516,7514,7516,44,139060,3303520.0,OI1401
2013-07-30 10:36:00,7514,7516,7514,7514,60,139062,4504800.0,OI1401
2013-07-30 10:37:00,7514,7514,7512,7512,146,139086,10961680.0,OI1401
2013-07-30 10:38:00,7512,7512,7510,7510,52,139054,3904160.0,OI1401
2013-07-30 10:39:00,7510,7510,7506,7510,356,138920,26728480.0,OI1401
2013-07-30 10:40:00,7510,7510,7510,7510,136,138922,10210880.0,OI1401
2013-07-30 10:41:00,7510,7512,7508,7508,134,138928,10060720.0,OI1401
2013-07-30 10:42:00,7510,7512,7510,7512,86,138922,6456880.0,OI1401
2013-07-30 10:43:00,7512,7514,7512,7512,122,138868,9159760.0,OI1401
2013-07-30 10:44:00,7514,7514,7512,7514,60,138822,4504800.0,OI1401
2013-07-30 10:45:00,7514,7514,7512,7512,280,138634,21022400.0,OI1401
2013-07-30 10:46:00,7514,7514,7510,7510,100,138644,7508000.0,OI1401
2013-07-30 10:47:00,7510,7510,7506,7506,320,138590,24025600.0,OI1401
2013-07-30 10:48:00,7506,7508,7498,7498,1012,138350,75980960.0,OI1401
2013-07-30 10:49:00,7500,7504,7498,7502,268,138406,20121440.0,OI1401
2013-07-30 10:50:00,7502,7502,7492,7494,1296,138672,97299280.0,OI1401
2013-07-30 10:51:00,7494,7496,7492,7496,410,138902,30774600.0,OI1401
2013-07-30 10:52:00,7494,7498,7494,7498,324,139052,24319440.0,OI1401
2013-07-30 10:53:00,7498,7498,7494,7496,180,139132,13510800.0,OI1401
2013-07-30 10:54:00,7496,7498,7496,7496,276,139126,20716560.0,OI1401
2013-07-30 10:55:00,7498,7498,7494,7496,166,139112,12459960.0,OI1401
2013-07-30 10:56:00,7498,7498,7496,7498,124,139096,9307440.0,OI1401
2013-07-30 10:57:00,7498,7500,7496,7500,286,139030,21467160.0,OI1401
2013-07-30 10:58:00,7500,7506,7500,7504,374,138890,28072440.0,OI1401
2013-07-30 10:59:00,7504,7504,7502,7504,182,138868,13660920.0,OI1401
2013-07-30 11:00:00,7504,7506,7502,7506,152,138902,11409120.0,OI1401
2013-07-30 11:01:00,7506,7506,7504,7506,172,138820,12910320.0,OI1401
2013-07-30 11:02:00,7506,7512,7506,7512,352,138724,26421120.0,OI1401
2013-07-30 11:03:00,7508,7510,7506,7508,98,138696,7355880.0,OI1401
2013-07-30 11:04:00,7506,7506,7506,7506,96,138718,7205760.0,OI1401
2013-07-30 11:05:00,7506,7508,7504,7506,64,138720,4803840.0,OI1401
2013-07-30 11:06:00,7506,7508,7506,7508,68,138698,5104080.0,OI1401
2013-07-30 11:07:00,7508,7512,7508,7512,276,138522,20716560.0,OI1401
2013-07-30 11:08:00,7512,7516,7512,7516,320,138334,24019200.0,OI1401
2013-07-30 11:09:00,7516,7518,7514,7518,442,138400,33176520.0,OI1401
2013-07-30 11:10:00,7518,7518,7512,7514,118,138380,8857080.0,OI1401
2013-07-30 11:11:00,7514,7516,7512,7512,64,138368,4803840.0,OI1401
2013-07-30 11:12:00,7514,7514,7512,7514,102,138344,7656120.0,OI1401
2013-07-30 11:13:00,7512,7516,7512,7514,112,138324,8406720.0,OI1401
2013-07-30 11:14:00,7514,7516,7512,7516,64,138292,4803840.0,OI1401
2013-07-30 11:15:00,7514,7522,7514,7522,766,138568,57495960.0,OI1401
2013-07-30 11:16:00,7522,7538,7522,7538,1680,139142,126134400.0,OI1401
2013-07-30 11:17:00,7536,7540,7534,7534,2328,139588,174786240.0,OI1401
2013-07-30 11:18:00,7534,7540,7532,7540,852,139522,63968160.0,OI1401
2013-07-30 11:19:00,7540,7556,7536,7552,2328,139850,174824240.0,OI1401
2013-07-30 11:20:00,7552,7556,7550,7552,2226,139882,167181800.0,OI1401
2013-07-30 11:21:00,7550,7550,7546,7546,1200,139750,90144000.0,OI1401
2013-07-30 11:22:00,7546,7546,7538,7544,1036,139682,77824320.0,OI1401
2013-07-30 11:23:00,7540,7544,7540,7544,422,139644,31700640.0,OI1401
2013-07-30 11:24:00,7544,7546,7540,7540,488,139682,36658560.0,OI1401
2013-07-30 11:25:00,7540,7542,7532,7534,1158,139352,86988960.0,OI1401
2013-07-30 11:26:00,7534,7538,7534,7536,422,139342,31700760.0,OI1401
2013-07-30 11:27:00,7536,7538,7534,7538,460,139126,34564400.0,OI1401
2013-07-30 11:28:00,7538,7540,7536,7536,274,139074,20588360.0,OI1401
2013-07-30 11:29:00,7540,7548,7540,7548,698,138908,52447720.0,OI1401
2013-07-30 13:30:00,7548,7554,7544,7546,822,138880,61765080.0,OI1401
2013-07-30 13:31:00,7546,7546,7542,7546,514,138728,38621960.0,OI1401
2013-07-30 13:32:00,7544,7544,7540,7540,428,138622,32159920.0,OI1401
2013-07-30 13:33:00,7540,7544,7540,7542,290,138674,21790600.0,OI1401
2013-07-30 13:34:00,7542,7548,7542,7548,134,138678,10068760.0,OI1401
2013-07-30 13:35:00,7546,7550,7546,7548,368,138816,27651520.0,OI1401
2013-07-30 13:36:00,7548,7550,7548,7548,358,139042,26900120.0,OI1401
2013-07-30 13:37:00,7548,7550,7548,7548,320,139266,24044800.0,OI1401
2013-07-30 13:38:00,7548,7550,7548,7548,90,139260,6762600.0,OI1401
2013-07-30 13:39:00,7550,7550,7548,7548,186,139234,13976040.0,OI1401
2013-07-30 13:40:00,7548,7548,7544,7544,728,139556,54705600.0,OI1401
2013-07-30 13:41:00,7544,7544,7542,7544,246,139502,18489360.0,OI1401
2013-07-30 13:42:00,7546,7546,7540,7540,260,139564,19541600.0,OI1401
2013-07-30 13:43:00,7540,7542,7540,7540,216,139452,16234560.0,OI1401
2013-07-30 13:44:00,7540,7542,7540,7542,56,139432,4208960.0,OI1401
2013-07-30 13:45:00,7540,7540,7532,7534,878,139088,65990480.0,OI1401
2013-07-30 13:46:00,7534,7536,7532,7534,404,139022,30364640.0,OI1401
2013-07-30 13:47:00,7534,7536,7534,7536,138,138962,10372080.0,OI1401
2013-07-30 13:48:00,7536,7538,7536,7536,148,138854,11123680.0,OI1401
2013-07-30 13:49:00,7536,7542,7536,7540,268,138824,20142880.0,OI1401
2013-07-30 13:50:00,7540,7540,7536,7538,210,138778,15783600.0,OI1401
2013-07-30 13:51:00,7538,7538,7536,7536,74,138826,5561840.0,OI1401
2013-07-30 13:52:00,7538,7538,7536,7536,234,138882,17587440.0,OI1401
2013-07-30 13:53:00,7536,7538,7536,7538,70,138876,5261200.0,OI1401
2013-07-30 13:54:00,7538,7540,7536,7540,228,138944,17136480.0,OI1401
2013-07-30 13:55:00,7540,7540,7538,7538,100,138946,7516000.0,OI1401
2013-07-30 13:56:00,7538,7538,7538,7538,52,138946,3908320.0,OI1401
2013-07-30 13:57:00,7538,7538,7536,7538,80,138918,6012800.0,OI1401
2013-07-30 13:58:00,7538,7540,7536,7536,134,138926,10071440.0,OI1401
2013-07-30 13:59:00,7536,7542,7536,7540,78,138888,5862480.0,OI1401
2013-07-30 14:00:00,7540,7542,7536,7536,278,138722,20894480.0,OI1401
2013-07-30 14:01:00,7538,7538,7536,7538,88,138694,6614080.0,OI1401
2013-07-30 14:02:00,7536,7538,7536,7536,54,138672,4058640.0,OI1401
2013-07-30 14:03:00,7536,7538,7536,7536,146,138538,10973360.0,OI1401
2013-07-30 14:04:00,7536,7538,7536,7538,294,138490,22097040.0,OI1401
2013-07-30 14:05:00,7538,7538,7536,7538,80,138464,6012800.0,OI1401
2013-07-30 14:06:00,7538,7538,7536,7538,122,138420,9169520.0,OI1401
2013-07-30 14:07:00,7538,7540,7536,7540,830,138182,62382800.0,OI1401
2013-07-30 14:08:00,7542,7542,7538,7538,688,137904,51710080.0,OI1401
2013-07-30 14:09:00,7538,7538,7536,7536,66,137888,4960560.0,OI1401
2013-07-30 14:10:00,7536,7538,7536,7538,128,137834,9620480.0,OI1401
2013-07-30 14:11:00,7538,7538,7536,7536,128,137772,9620480.0,OI1401
2013-07-30 14:12:00,7536,7538,7532,7534,1304,137222,98008640.0,OI1401
2013-07-30 14:13:00,7532,7536,7532,7532,384,137036,28865040.0,OI1401
2013-07-30 14:14:00,7534,7534,7532,7532,240,137022,18043200.0,OI1401
2013-07-30 14:15:00,7532,7532,7530,7532,224,137000,16840320.0,OI1401
2013-07-30 14:16:00,7532,7532,7528,7528,492,136974,36988560.0,OI1401
2013-07-30 14:17:00,7528,7530,7524,7526,756,136916,56836080.0,OI1401
2013-07-30 14:18:00,7526,7530,7526,7528,294,136850,22102920.0,OI1401
2013-07-30 14:19:00,7528,7528,7526,7526,356,136732,26764080.0,OI1401
2013-07-30 14:20:00,7528,7532,7526,7530,530,136604,39845400.0,OI1401
2013-07-30 14:21:00,7530,7532,7530,7530,248,136528,18644640.0,OI1401
2013-07-30 14:22:00,7528,7532,7528,7530,66,136504,4961880.0,OI1401
2013-07-30 14:23:00,7530,7532,7530,7530,126,136482,9472680.0,OI1401
2013-07-30 14:24:00,7532,7534,7532,7534,68,136452,5112240.0,OI1401
2013-07-30 14:25:00,7532,7534,7532,7532,96,136440,7217280.0,OI1401
2013-07-30 14:26:00,7532,7534,7530,7530,98,136426,7367640.0,OI1401
2013-07-30 14:27:00,7530,7538,7530,7538,246,136460,18494280.0,OI1401
2013-07-30 14:28:00,7536,7538,7534,7536,96,136444,7217280.0,OI1401
2013-07-30 14:29:00,7538,7538,7534,7536,88,136394,6615840.0,OI1401
2013-07-30 14:30:00,7536,7538,7534,7534,106,136386,7969080.0,OI1401
2013-07-30 14:31:00,7536,7536,7532,7534,162,136328,12179160.0,OI1401
2013-07-30 14:32:00,7534,7536,7532,7536,316,136144,23756880.0,OI1401
2013-07-30 14:33:00,7534,7538,7534,7536,268,135904,20148240.0,OI1401
2013-07-30 14:34:00,7536,7538,7534,7536,332,135782,24959760.0,OI1401
2013-07-30 14:35:00,7538,7546,7536,7544,772,135620,58038960.0,OI1401
2013-07-30 14:36:00,7544,7546,7542,7544,444,135584,33379920.0,OI1401
2013-07-30 14:37:00,7544,7544,7538,7540,128,135578,9623040.0,OI1401
2013-07-30 14:38:00,7540,7540,7536,7538,386,135530,29019480.0,OI1401
2013-07-30 14:39:00,7540,7552,7540,7552,622,135376,46761960.0,OI1401
2013-07-30 14:40:00,7552,7566,7550,7564,3140,134802,236092240.0,OI1401
2013-07-30 14:41:00,7564,7566,7558,7558,836,134884,62867200.0,OI1401
2013-07-30 14:42:00,7560,7562,7556,7556,622,134972,46774400.0,OI1401
2013-07-30 14:43:00,7558,7562,7558,7558,532,134972,40006400.0,OI1401
2013-07-30 14:44:00,7558,7558,7554,7556,730,135072,54896000.0,OI1401
2013-07-30 14:45:00,7556,7556,7550,7552,464,135026,34892800.0,OI1401
2013-07-30 14:46:00,7552,7554,7550,7554,546,135126,41059200.0,OI1401
2013-07-30 14:47:00,7554,7556,7552,7556,208,135058,15641600.0,OI1401
2013-07-30 14:48:00,7556,7558,7550,7552,272,134984,20454400.0,OI1401
2013-07-30 14:49:00,7550,7552,7548,7550,290,134954,21810320.0,OI1401
2013-07-30 14:50:00,7550,7550,7548,7550,118,134916,8875960.0,OI1401
2013-07-30 14:51:00,7550,7556,7550,7556,612,134600,46034640.0,OI1401
2013-07-30 14:52:00,7556,7556,7554,7554,154,134576,11583880.0,OI1401
2013-07-30 14:53:00,7554,7556,7552,7554,192,134568,14442240.0,OI1401
2013-07-30 14:54:00,7554,7558,7554,7554,446,134564,33548120.0,OI1401
2013-07-30 14:55:00,7556,7556,7554,7554,306,134474,23017320.0,OI1401
2013-07-30 14:56:00,7556,7556,7552,7554,510,134446,38362200.0,OI1401
2013-07-30 14:57:00,7552,7556,7552,7554,288,134312,21663360.0,OI1401
2013-07-30 14:58:00,7554,7554,7548,7548,1130,133708,84998600.0,OI1401
2013-07-30 14:59:00,7548,7548,7544,7546,1556,133256,117042320.0,OI1401
2013-07-31 09:00:00,7520,7534,7520,7534,1950,133674,146735840.0,OI1401
2013-07-31 09:01:00,7536,7542,7534,7540,930,133838,70032760.0,OI1401
2013-07-31 09:02:00,7540,7544,7536,7538,556,133888,41881320.0,OI1401
2013-07-31 09:03:00,7538,7552,7538,7548,920,133870,69319880.0,OI1401
2013-07-31 09:04:00,7546,7562,7546,7560,1094,133790,82463360.0,OI1401
2013-07-31 09:05:00,7560,7562,7552,7554,970,133980,73151120.0,OI1401
2013-07-31 09:06:00,7552,7554,7548,7552,468,134128,35299520.0,OI1401
2013-07-31 09:07:00,7552,7566,7552,7564,832,134134,62766560.0,OI1401
2013-07-31 09:08:00,7564,7566,7554,7560,936,134076,70630560.0,OI1401
2013-07-31 09:09:00,7560,7566,7556,7564,692,133932,52225080.0,OI1401
2013-07-31 09:10:00,7564,7566,7560,7560,638,134172,48156240.0,OI1401
2013-07-31 09:11:00,7558,7570,7558,7568,1742,134254,131517680.0,OI1401
2013-07-31 09:12:00,7568,7576,7566,7576,1890,134560,142747520.0,OI1401
2013-07-31 09:13:00,7576,7584,7576,7578,1996,134568,150808680.0,OI1401
2013-07-31 09:14:00,7578,7580,7572,7576,734,134802,55475720.0,OI1401
2013-07-31 09:15:00,7574,7580,7574,7578,710,134670,53661800.0,OI1401
2013-07-31 09:16:00,7578,7578,7572,7574,558,134570,42182880.0,OI1401
2013-07-31 09:17:00,7574,7576,7572,7574,534,134772,40370400.0,OI1401
2013-07-31 09:18:00,7574,7582,7574,7580,1032,134904,78019200.0,OI1401
2013-07-31 09:19:00,7580,7580,7574,7576,498,134908,37656280.0,OI1401
2013-07-31 09:20:00,7576,7578,7572,7572,330,134914,24954600.0,OI1401
2013-07-31 09:21:00,7572,7578,7572,7572,256,134890,19358720.0,OI1401
2013-07-31 09:22:00,7574,7576,7572,7576,666,134670,50362920.0,OI1401
2013-07-31 09:23:00,7576,7576,7572,7574,234,134598,17695080.0,OI1401
2013-07-31 09:24:00,7574,7574,7572,7574,168,134492,12704160.0,OI1401
2013-07-31 09:25:00,7574,7580,7572,7576,652,134440,49304240.0,OI1401
2013-07-31 09:26:00,7576,7576,7574,7576,242,134406,18300040.0,OI1401
2013-07-31 09:27:00,7574,7578,7574,7578,304,134206,22992760.0,OI1401
2013-07-31 09:28:00,7578,7580,7576,7580,358,134058,27079120.0,OI1401
2013-07-31 09:29:00,7578,7590,7578,7588,1386,133686,104837040.0,OI1401
2013-07-31 09:30:00,7590,7594,7588,7590,1334,133798,100929320.0,OI1401
2013-07-31 09:31:00,7592,7596,7590,7592,996,133732,75361000.0,OI1401
2013-07-31 09:32:00,7590,7592,7578,7582,1038,133576,78555840.0,OI1401
2013-07-31 09:33:00,7582,7584,7578,7580,720,133354,54489600.0,OI1401
2013-07-31 09:34:00,7582,7586,7580,7584,486,133082,36780480.0,OI1401
2013-07-31 09:35:00,7584,7588,7584,7586,264,132960,19979520.0,OI1401
2013-07-31 09:36:00,7584,7586,7580,7580,198,132886,14984640.0,OI1401
2013-07-31 09:37:00,7580,7582,7580,7582,186,132844,14076480.0,OI1401
2013-07-31 09:38:00,7582,7584,7582,7582,142,132888,10746560.0,OI1401
2013-07-31 09:39:00,7582,7584,7580,7582,150,132884,11352000.0,OI1401
2013-07-31 09:40:00,7582,7590,7582,7586,668,133054,50565480.0,OI1401
2013-07-31 09:41:00,7586,7590,7586,7588,244,133074,18470800.0,OI1401
2013-07-31 09:42:00,7588,7588,7586,7586,134,133088,10143800.0,OI1401
2013-07-31 09:43:00,7586,7594,7586,7592,496,133190,37547200.0,OI1401
2013-07-31 09:44:00,7592,7598,7590,7592,608,133292,46025600.0,OI1401
2013-07-31 09:45:00,7594,7598,7592,7598,416,133266,31491200.0,OI1401
2013-07-31 09:46:00,7596,7598,7594,7594,392,133266,29674400.0,OI1401
2013-07-31 09:47:00,7594,7596,7592,7594,758,133252,57395520.0,OI1401
2013-07-31 09:48:00,7594,7618,7594,7616,1874,132954,141905280.0,OI1401
2013-07-31 09:49:00,7618,7618,7604,7610,1520,132496,115124800.0,OI1401
2013-07-31 09:50:00,7608,7610,7604,7610,482,132486,36514560.0,OI1401
2013-07-31 09:51:00,7610,7616,7608,7616,898,132624,68032480.0,OI1401
2013-07-31 09:52:00,7616,7616,7612,7612,812,132636,61519120.0,OI1401
2013-07-31 09:53:00,7614,7616,7610,7614,648,132808,49105440.0,OI1401
2013-07-31 09:54:00,7614,7616,7612,7616,730,132880,55319400.0,OI1401
2013-07-31 09:55:00,7618,7618,7612,7616,656,132894,49711680.0,OI1401
2013-07-31 09:56:00,7614,7630,7614,7628,1694,132328,128403520.0,OI1401
2013-07-31 09:57:00,7628,7642,7626,7640,2030,132316,153913080.0,OI1401
2013-07-31 09:58:00,7636,7642,7632,7642,1234,132098,93586560.0,OI1401
2013-07-31 09:59:00,7640,7642,7634,7634,884,132084,67055080.0,OI1401
2013-07-31 10:00:00,7634,7642,7634,7640,544,132138,41267840.0,OI1401
2013-07-31 10:01:00,7640,7642,7632,7632,1018,132172,77232200.0,OI1401
2013-07-31 10:02:00,7632,7632,7628,7628,804,132098,61007520.0,OI1401
2013-07-31 10:03:00,7628,7630,7626,7628,832,131974,63132160.0,OI1401
2013-07-31 10:04:00,7628,7630,7620,7622,690,131926,52362960.0,OI1401
2013-07-31 10:05:00,7622,7626,7620,7626,566,132008,42959400.0,OI1401
2013-07-31 10:06:00,7626,7626,7620,7624,330,131872,25047000.0,OI1401
2013-07-31 10:07:00,7624,7626,7622,7622,166,131814,12599400.0,OI1401
2013-07-31 10:08:00,7624,7624,7622,7622,146,131748,11081400.0,OI1401
2013-07-31 10:09:00,7622,7622,7610,7612,1256,131834,95330400.0,OI1401
2013-07-31 10:10:00,7612,7616,7610,7616,338,131802,25654200.0,OI1401
2013-07-31 10:11:00,7616,7618,7616,7616,154,131838,11688600.0,OI1401
2013-07-31 10:12:00,7616,7618,7616,7616,82,131832,6223800.0,OI1401
2013-07-31 10:13:00,7618,7622,7618,7622,150,131774,11385000.0,OI1401
2013-07-31 10:14:00,7622,7626,7620,7626,332,131786,25204280.0,OI1401
2013-07-31 10:30:00,7626,7630,7624,7630,330,131860,25053600.0,OI1401
2013-07-31 10:31:00,7630,7632,7628,7630,264,131934,20042880.0,OI1401
2013-07-31 10:32:00,7630,7630,7626,7628,332,131958,25205440.0,OI1401
2013-07-31 10:33:00,7628,7630,7624,7626,232,132018,17613440.0,OI1401
2013-07-31 10:34:00,7626,7630,7626,7626,222,131980,16854240.0,OI1401
2013-07-31 10:35:00,7628,7632,7624,7630,300,131980,22776000.0,OI1401
2013-07-31 10:36:00,7632,7636,7632,7634,702,131860,53295840.0,OI1401
2013-07-31 10:37:00,7632,7634,7628,7628,740,131686,56190080.0,OI1401
2013-07-31 10:38:00,7630,7632,7630,7630,172,131652,13061680.0,OI1401
2013-07-31 10:39:00,7630,7638,7628,7638,466,131710,35388040.0,OI1401
2013-07-31 10:40:00,7636,7638,7632,7634,402,131806,30527880.0,OI1401
2013-07-31 10:41:00,7632,7632,7624,7626,426,131878,32350440.0,OI1401
2013-07-31 10:42:00,7626,7626,7622,7624,490,131892,37210600.0,OI1401
2013-07-31 10:43:00,7624,7634,7624,7632,208,131870,15795520.0,OI1401
2013-07-31 10:44:00,7632,7634,7628,7628,248,131930,18833120.0,OI1401
2013-07-31 10:45:00,7628,7630,7626,7628,176,131974,13365440.0,OI1401
2013-07-31 10:46:00,7628,7630,7628,7628,48,131954,3645120.0,OI1401
2013-07-31 10:47:00,7630,7630,7628,7630,28,131954,2126320.0,OI1401
2013-07-31 10:48:00,7630,7634,7628,7634,248,131934,18836480.0,OI1401
2013-07-31 10:49:00,7634,7634,7632,7632,306,132016,23243760.0,OI1401
2013-07-31 10:50:00,7632,7634,7632,7634,118,132036,8963280.0,OI1401
2013-07-31 10:51:00,7634,7634,7630,7630,240,132076,18230400.0,OI1401
2013-07-31 10:52:00,7630,7632,7628,7630,150,131992,11394000.0,OI1401
2013-07-31 10:53:00,7630,7630,7622,7624,716,131626,54387360.0,OI1401
2013-07-31 10:54:00,7624,7628,7624,7626,266,131746,20205360.0,OI1401
2013-07-31 10:55:00,7626,7628,7626,7626,146,131804,11090160.0,OI1401
2013-07-31 10:56:00,7624,7626,7622,7624,298,131792,22636080.0,OI1401
2013-07-31 10:57:00,7624,7624,7622,7622,278,131720,21116880.0,OI1401
2013-07-31 10:58:00,7622,7624,7622,7624,172,131594,13065120.0,OI1401
2013-07-31 10:59:00,7624,7626,7622,7626,216,131546,16407360.0,OI1401
2013-07-31 11:00:00,7626,7628,7624,7626,176,131586,13368960.0,OI1401
2013-07-31 11:01:00,7626,7628,7624,7624,128,131542,9722880.0,OI1401
2013-07-31 11:02:00,7624,7626,7624,7626,72,131526,5469120.0,OI1401
2013-07-31 11:03:00,7626,7628,7624,7626,124,131536,9419040.0,OI1401
2013-07-31 11:04:00,7626,7626,7624,7624,46,131534,3494160.0,OI1401
2013-07-31 11:05:00,7626,7628,7624,7624,164,131556,12457440.0,OI1401
2013-07-31 11:06:00,7624,7626,7622,7622,108,131560,8203680.0,OI1401
2013-07-31 11:07:00,7624,7626,7622,7624,146,131534,11091560.0,OI1401
2013-07-31 11:08:00,7624,7626,7624,7626,66,131538,5014680.0,OI1401
2013-07-31 11:09:00,7626,7626,7624,7624,224,131424,17019520.0,OI1401
2013-07-31 11:10:00,7624,7626,7624,7624,68,131420,5166640.0,OI1401
2013-07-31 11:11:00,7624,7624,7622,7622,606,130928,46043880.0,OI1401
2013-07-31 11:12:00,7622,7622,7620,7620,348,130802,26441040.0,OI1401
2013-07-31 11:13:00,7620,7620,7612,7612,488,130694,37078240.0,OI1401
2013-07-31 11:14:00,7612,7616,7612,7614,352,130726,26744960.0,OI1401
2013-07-31 11:15:00,7614,7618,7612,7614,474,130742,36014520.0,OI1401
2013-07-31 11:16:00,7614,7618,7614,7614,128,130732,9725440.0,OI1401
2013-07-31 11:17:00,7616,7618,7614,7618,360,130706,27352800.0,OI1401
2013-07-31 11:18:00,7618,7622,7616,7618,332,130660,25225360.0,OI1401
2013-07-31 11:19:00,7618,7618,7616,7618,62,130678,4710760.0,OI1401
2013-07-31 11:20:00,7616,7616,7614,7616,206,130682,15651880.0,OI1401
2013-07-31 11:21:00,7614,7614,7612,7612,146,130680,11093080.0,OI1401
2013-07-31 11:22:00,7612,7614,7608,7610,402,130752,30543960.0,OI1401
2013-07-31 11:23:00,7608,7610,7598,7600,1438,130452,109259240.0,OI1401
2013-07-31 11:24:00,7602,7606,7600,7606,520,130582,39509600.0,OI1401
2013-07-31 11:25:00,7606,7606,7602,7602,506,130678,38445880.0,OI1401
2013-07-31 11:26:00,7602,7604,7600,7602,504,130846,38293920.0,OI1401
2013-07-31 11:27:00,7602,7604,7594,7594,970,131070,73700600.0,OI1401
2013-07-31 11:28:00,7596,7600,7596,7598,604,131172,45891920.0,OI1401
2013-07-31 11:29:00,7598,7600,7590,7590,786,131262,59720280.0,OI1401
2013-07-31 13:30:00,7590,7590,7582,7586,1412,131752,107283760.0,OI1401
2013-07-31 13:31:00,7586,7586,7574,7576,1740,131980,132205200.0,OI1401
2013-07-31 13:32:00,7576,7582,7574,7576,968,132142,73548640.0,OI1401
2013-07-31 13:33:00,7576,7584,7576,7584,552,132244,41940960.0,OI1401
2013-07-31 13:34:00,7584,7584,7578,7580,670,132484,50906600.0,OI1401
2013-07-31 13:35:00,7582,7584,7580,7584,340,132652,25833200.0,OI1401
2013-07-31 13:36:00,7584,7584,7580,7582,296,132672,22490080.0,OI1401
2013-07-31 13:37:00,7582,7584,7580,7582,218,132684,16563640.0,OI1401
2013-07-31 13:38:00,7582,7584,7580,7582,136,132726,10333280.0,OI1401
2013-07-31 13:39:00,7582,7586,7582,7584,296,132846,22490080.0,OI1401
2013-07-31 13:40:00,7584,7584,7580,7580,202,132902,15347960.0,OI1401
2013-07-31 13:41:00,7582,7584,7578,7582,808,133348,61380240.0,OI1401
2013-07-31 13:42:00,7582,7584,7580,7580,380,133468,28864800.0,OI1401
2013-07-31 13:43:00,7580,7584,7580,7584,212,133458,16103520.0,OI1401
2013-07-31 13:44:00,7582,7584,7578,7578,372,133346,28257120.0,OI1401
2013-07-31 13:45:00,7580,7580,7578,7580,532,133390,40410720.0,OI1401
2013-07-31 13:46:00,7580,7582,7580,7582,124,133394,9419040.0,OI1401
2013-07-31 13:47:00,7582,7582,7578,7578,208,133380,15799680.0,OI1401
2013-07-31 13:48:00,7578,7580,7572,7574,786,133630,59704560.0,OI1401
2013-07-31 13:49:00,7572,7578,7572,7576,716,133676,54387360.0,OI1401
2013-07-31 13:50:00,7574,7578,7574,7578,560,133826,42537600.0,OI1401
2013-07-31 13:51:00,7578,7580,7576,7580,280,133844,21268800.0,OI1401
2013-07-31 13:52:00,7580,7580,7574,7574,402,134072,30535920.0,OI1401
2013-07-31 13:53:00,7574,7574,7566,7566,1158,134316,87961680.0,OI1401
2013-07-31 13:54:00,7566,7566,7558,7562,1770,134904,134442640.0,OI1401
2013-07-31 13:55:00,7562,7564,7558,7562,1024,135372,77762560.0,OI1401
2013-07-31 13:56:00,7560,7562,7558,7560,614,135706,46627160.0,OI1401
2013-07-31 13:57:00,7560,7562,7558,7562,320,135728,24300800.0,OI1401
2013-07-31 13:58:00,7564,7566,7562,7566,508,135682,38577520.0,OI1401
2013-07-31 13:59:00,7566,7568,7562,7566,384,135548,29160960.0,OI1401
2013-07-31 14:00:00,7566,7570,7564,7568,440,135564,33413600.0,OI1401
2013-07-31 14:01:00,7568,7572,7566,7568,506,135436,38425640.0,OI1401
2013-07-31 14:02:00,7566,7566,7564,7566,208,135490,15795520.0,OI1401
2013-07-31 14:03:00,7566,7568,7564,7566,140,135522,10631600.0,OI1401
2013-07-31 14:04:00,7568,7570,7566,7570,290,135584,22022600.0,OI1401
2013-07-31 14:05:00,7570,7570,7566,7566,196,135602,14884240.0,OI1401
2013-07-31 14:06:00,7566,7570,7566,7568,174,135642,13213560.0,OI1401
2013-07-31 14:07:00,7568,7570,7566,7566,128,135642,9720320.0,OI1401
2013-07-31 14:08:00,7568,7568,7566,7566,150,135688,11391000.0,OI1401
2013-07-31 14:09:00,7566,7568,7566,7568,52,135724,3948880.0,OI1401
2013-07-31 14:10:00,7568,7568,7564,7564,470,136094,35691800.0,OI1401
2013-07-31 14:11:00,7564,7568,7564,7568,396,136052,30072240.0,OI1401
2013-07-31 14:12:00,7568,7568,7566,7568,210,136082,15943680.0,OI1401
2013-07-31 14:13:00,7568,7568,7568,7568,126,136102,9565920.0,OI1401
2013-07-31 14:14:00,7568,7570,7568,7568,66,136082,5010720.0,OI1401
2013-07-31 14:15:00,7570,7578,7570,7576,874,135844,66354080.0,OI1401
2013-07-31 14:16:00,7576,7578,7572,7578,704,135912,53447680.0,OI1401
2013-07-31 14:17:00,7578,7578,7576,7576,204,135880,15487680.0,OI1401
2013-07-31 14:18:00,7576,7576,7568,7568,504,135884,38263680.0,OI1401
2013-07-31 14:19:00,7568,7574,7568,7572,196,135886,14880320.0,OI1401
2013-07-31 14:20:00,7572,7574,7570,7570,112,135888,8503040.0,OI1401
2013-07-31 14:21:00,7570,7572,7568,7572,124,135946,9414080.0,OI1401
2013-07-31 14:22:00,7572,7574,7570,7572,108,135970,8199360.0,OI1401
2013-07-31 14:23:00,7572,7572,7570,7570,52,135958,3947840.0,OI1401
2013-07-31 14:24:00,7570,7572,7568,7572,128,135930,9717760.0,OI1401
2013-07-31 14:25:00,7570,7572,7570,7572,150,135884,11388000.0,OI1401
2013-07-31 14:26:00,7572,7572,7572,7572,68,135870,5162560.0,OI1401
2013-07-31 14:27:00,7572,7576,7572,7576,154,135766,11691680.0,OI1401
2013-07-31 14:28:00,7576,7576,7572,7572,216,135700,16398720.0,OI1401
2013-07-31 14:29:00,7572,7572,7570,7570,84,135710,6377280.0,OI1401
2013-07-31 14:30:00,7572,7572,7570,7570,74,135664,5618080.0,OI1401
2013-07-31 14:31:00,7572,7572,7568,7568,134,135698,10173280.0,OI1401
2013-07-31 14:32:00,7570,7570,7568,7568,130,135678,9869600.0,OI1401
2013-07-31 14:33:00,7570,7570,7568,7568,138,135656,10476960.0,OI1401
2013-07-31 14:34:00,7568,7570,7564,7566,484,135542,36745280.0,OI1401
2013-07-31 14:35:00,7566,7566,7560,7560,770,135772,58458400.0,OI1401
2013-07-31 14:36:00,7560,7564,7556,7564,536,135808,40693120.0,OI1401
2013-07-31 14:37:00,7564,7566,7562,7562,300,135760,22776000.0,OI1401
2013-07-31 14:38:00,7562,7570,7562,7568,678,135482,51473760.0,OI1401
2013-07-31 14:39:00,7568,7572,7568,7570,254,135352,19283680.0,OI1401
2013-07-31 14:40:00,7572,7572,7570,7570,276,135182,20953920.0,OI1401
2013-07-31 14:41:00,7570,7572,7570,7570,230,135064,17461600.0,OI1401
2013-07-31 14:42:00,7570,7572,7568,7572,850,134376,64532000.0,OI1401
2013-07-31 14:43:00,7572,7572,7568,7572,302,134214,22926920.0,OI1401
2013-07-31 14:44:00,7570,7572,7570,7572,364,134020,27627600.0,OI1401
2013-07-31 14:45:00,7572,7572,7570,7570,86,133988,6527400.0,OI1401
2013-07-31 14:46:00,7568,7570,7568,7570,76,133956,5768400.0,OI1401
2013-07-31 14:47:00,7570,7574,7570,7574,214,133808,16242600.0,OI1401
2013-07-31 14:48:00,7572,7578,7572,7578,334,133660,25350600.0,OI1401
2013-07-31 14:49:00,7576,7582,7576,7580,790,133220,59961000.0,OI1401
2013-07-31 14:50:00,7582,7582,7576,7578,694,133032,52674600.0,OI1401
2013-07-31 14:51:00,7578,7580,7576,7578,140,132974,10626000.0,OI1401
2013-07-31 14:52:00,7578,7582,7578,7580,472,132860,35824800.0,OI1401
2013-07-31 14:53:00,7582,7584,7580,7582,452,132752,34306800.0,OI1401
2013-07-31 14:54:00,7582,7588,7582,7586,530,132462,40227000.0,OI1401
2013-07-31 14:55:00,7586,7586,7582,7586,386,132296,29297400.0,OI1401
2013-07-31 14:56:00,7586,7588,7584,7586,418,131974,31726200.0,OI1401
2013-07-31 14:57:00,7588,7590,7586,7588,532,131632,40378800.0,OI1401
2013-07-31 14:58:00,7588,7590,7588,7588,552,131328,41896800.0,OI1401
2013-07-31 14:59:00,7588,7590,7582,7582,868,131116,65881200.0,OI1401
